,艇番,選手登番,選手名,年齢,支部,体重,級別,全国勝率,全国2連率,当地勝率,当地2連率,モーター2連率,ボート2連率,RaceID,場所,R
0,1,4847,佐藤隆太,27,東京,54,A2,6.23,44.70,0.00,0.00,32.52,22.22,2022_2_26_22_1R,22,1R
1,2,5009,大賀龍之,25,福岡,56,B2,5.04,32.84,3.58,15.38,32.12,34.75,2022_2_26_22_1R,22,1R
2,3,4876,梅木敬太,27,福井,54,B1,3.65,16.84,5.11,33.33,42.98,46.96,2022_2_26_22_1R,22,1R
3,4,4711,前出達吉,32,福井,52,B1,4.40,21.95,4.73,23.08,32.30,29.52,2022_2_26_22_1R,22,1R
4,5,3401,上田隆章,54,香川,53,B1,5.64,39.57,5.55,42.86,37.50,44.83,2022_2_26_22_1R,22,1R
5,6,4731,間野兼礼,32,愛知,52,B1,5.47,37.27,5.90,50.00,33.10,32.14,2022_2_26_22_1R,22,1R
6,1,3186,沖悟,61,大阪,52,B1,3.86,14.85,3.22,14.81,30.08,26.55,2022_2_26_22_2R,22,2R
7,2,4112,大久保信,41,佐賀,51,A2,5.53,37.84,7.07,56.94,39.45,32.20,2022_2_26_22_2R,22,2R
8,3,4632,長尾京志,32,福岡,52,B1,4.51,24.78,4.67,29.69,29.14,25.22,2022_2_26_22_2R,22,2R
9,4,4148,枝尾賢,40,福岡,51,A1,7.07,51.11,7.54,58.52,37.88,34.55,2022_2_26_22_2R,22,2R
10,5,4771,下寺秀和,29,広島,55,A1,6.13,43.33,5.74,39.19,39.73,37.07,2022_2_26_22_2R,22,2R
11,6,4674,池田剛規,34,福岡,52,B1,5.11,33.33,5.11,32.14,26.97,29.57,2022_2_26_22_2R,22,2R
12,1,3964,宮地博士,42,長崎,55,B1,4.05,14.42,4.48,23.91,40.98,40.35,2022_2_26_22_3R,22,3R
13,2,4703,森永隆,33,山口,51,A2,6.16,41.13,6.34,47.69,34.91,29.91,2022_2_26_22_3R,22,3R
14,3,4608,荒井翔伍,32,東京,53,A2,5.35,31.58,5.61,34.69,39.84,31.90,2022_2_26_22_3R,22,3R
15,4,4760,山崎郡,32,大阪,52,A1,7.21,54.20,7.91,72.73,40.74,37.17,2022_2_26_22_3R,22,3R
16,5,5177,松井貫太,25,福岡,52,B2,1.76,2.15,1.94,6.25,38.99,43.10,2022_2_26_22_3R,22,3R
17,6,4189,川上剛,40,福岡,54,A1,6.61,46.15,6.38,37.50,39.45,37.93,2022_2_26_22_3R,22,3R
18,1,3501,川上昇平,52,長崎,55,B1,4.81,26.23,4.97,31.82,39.06,28.70,2022_2_26_22_4R,22,4R
19,2,4403,木下大將,36,福岡,53,A2,6.07,46.67,6.15,47.27,42.19,21.10,2022_2_26_22_4R,22,4R
20,3,3432,宮迫暢彦,53,大阪,53,B1,4.60,24.37,5.06,25.00,34.11,32.04,2022_2_26_22_4R,22,4R
21,4,4831,羽野直也,26,福岡,54,A1,7.85,60.18,7.33,44.19,42.42,40.57,2022_2_26_22_4R,22,4R
22,5,4817,渡邉翼,30,山口,49,A2,5.71,40.38,5.30,33.33,40.91,40.54,2022_2_26_22_4R,22,4R
23,6,5199,垂水悠,19,徳島,54,B2,2.02,3.37,0.00,0.00,26.12,24.55,2022_2_26_22_4R,22,4R
24,1,3527,中嶋誠一,51,長崎,51,A2,5.65,33.11,5.62,38.46,38.58,33.05,2022_2_26_22_5R,22,5R
25,2,4196,田中太一,40,佐賀,52,B1,4.51,28.24,3.80,13.64,29.46,35.09,2022_2_26_22_5R,22,5R
26,3,4731,間野兼礼,32,愛知,52,B1,5.47,37.27,5.90,50.00,33.10,32.14,2022_2_26_22_5R,22,5R
27,4,4839,四宮与寛,31,徳島,53,B1,5.46,39.05,4.47,35.29,28.13,35.09,2022_2_26_22_5R,22,5R
28,5,4063,市橋卓士,42,徳島,55,A1,6.55,45.16,0.00,0.00,30.23,29.17,2022_2_26_22_5R,22,5R
29,6,4816,村松修二,30,広島,53,A1,7.21,53.57,7.36,66.67,36.94,40.35,2022_2_26_22_5R,22,5R
30,1,4632,長尾京志,32,福岡,52,B1,4.51,24.78,4.67,29.69,29.14,25.22,2022_2_26_22_6R,22,6R
31,2,4324,海野康志,34,山口,61,A1,7.11,55.15,6.36,48.28,29.00,46.43,2022_2_26_22_6R,22,6R
32,3,4475,末永祐輝,34,山口,53,A2,5.99,38.38,6.29,45.10,35.97,49.47,2022_2_26_22_6R,22,6R
33,4,3593,横井光弘,53,長崎,55,B1,4.17,15.73,4.53,19.28,44.14,36.04,2022_2_26_22_6R,22,6R
34,5,3906,飯山晃三,44,長崎,58,B1,5.25,34.75,5.12,30.61,35.82,41.74,2022_2_26_22_6R,22,6R
35,6,4711,前出達吉,32,福井,52,B1,4.40,21.95,4.73,23.08,32.30,29.52,2022_2_26_22_6R,22,6R
36,1,4608,荒井翔伍,32,東京,53,A2,5.35,31.58,5.61,34.69,39.84,31.90,2022_2_26_22_7R,22,7R
37,2,3967,鈴木茂高,42,愛知,58,B1,5.18,28.04,0.00,0.00,49.55,39.29,2022_2_26_22_7R,22,7R
38,3,3837,秋山広一,46,香川,52,A1,5.77,41.38,6.35,45.00,39.73,39.29,2022_2_26_22_7R,22,7R
39,4,3964,宮地博士,42,長崎,55,B1,4.05,14.42,4.48,23.91,40.98,40.35,2022_2_26_22_7R,22,7R
40,5,4477,篠崎仁志,34,福岡,55,A1,6.75,37.27,8.07,58.65,46.30,30.97,2022_2_26_22_7R,22,7R
41,6,3614,谷勝幸,49,広島,53,B1,4.47,24.43,4.71,34.29,37.33,25.26,2022_2_26_22_7R,22,7R
42,1,4112,大久保信,41,佐賀,51,A2,5.53,37.84,7.07,56.94,39.45,32.20,2022_2_26_22_8R,22,8R
43,2,3501,川上昇平,52,長崎,55,B1,4.81,26.23,4.97,31.82,39.06,28.70,2022_2_26_22_8R,22,8R
44,3,3401,上田隆章,54,香川,53,B1,5.64,39.57,5.55,42.86,37.50,44.83,2022_2_26_22_8R,22,8R
45,4,4329,小松卓司,38,福岡,50,B1,5.29,33.33,4.38,18.92,32.23,30.19,2022_2_26_22_8R,22,8R
46,5,5081,篠原飛翔,23,福岡,52,B1,4.76,26.89,3.96,17.65,37.04,28.70,2022_2_26_22_8R,22,8R
47,6,5177,松井貫太,25,福岡,52,B2,1.76,2.15,1.94,6.25,38.99,43.10,2022_2_26_22_8R,22,8R
48,1,4771,下寺秀和,29,広島,55,A1,6.13,43.33,5.74,39.19,39.73,37.07,2022_2_26_22_9R,22,9R
49,2,4839,四宮与寛,31,徳島,53,B1,5.46,39.05,4.47,35.29,28.13,35.09,2022_2_26_22_9R,22,9R
50,3,4816,村松修二,30,広島,53,A1,7.21,53.57,7.36,66.67,36.94,40.35,2022_2_26_22_9R,22,9R
51,4,3224,栗山繁洋,56,佐賀,52,B1,5.19,35.83,5.26,35.48,38.36,19.30,2022_2_26_22_9R,22,9R
52,5,3432,宮迫暢彦,53,大阪,53,B1,4.60,24.37,5.06,25.00,34.11,32.04,2022_2_26_22_9R,22,9R
53,6,4876,梅木敬太,27,福井,54,B1,3.65,16.84,5.11,33.33,42.98,46.96,2022_2_26_22_9R,22,9R
54,1,4148,枝尾賢,40,福岡,51,A1,7.07,51.11,7.54,58.52,37.88,34.55,2022_2_26_22_10R,22,10R
55,2,4817,渡邉翼,30,山口,49,A2,5.71,40.38,5.30,33.33,40.91,40.54,2022_2_26_22_10R,22,10R
56,3,4847,佐藤隆太,27,東京,54,A2,6.23,44.70,0.00,0.00,32.52,22.22,2022_2_26_22_10R,22,10R
57,4,3906,飯山晃三,44,長崎,58,B1,5.25,34.75,5.12,30.61,35.82,41.74,2022_2_26_22_10R,22,10R
58,5,4196,田中太一,40,佐賀,52,B1,4.51,28.24,3.80,13.64,29.46,35.09,2022_2_26_22_10R,22,10R
59,6,4703,森永隆,33,山口,51,A2,6.16,41.13,6.34,47.69,34.91,29.91,2022_2_26_22_10R,22,10R
60,1,4477,篠崎仁志,34,福岡,55,A1,6.75,37.27,8.07,58.65,46.30,30.97,2022_2_26_22_11R,22,11R
61,2,4189,川上剛,40,福岡,54,A1,6.61,46.15,6.38,37.50,39.45,37.93,2022_2_26_22_11R,22,11R
62,3,4607,鶴田勇雄,32,福岡,53,A2,5.19,29.67,5.70,40.91,25.00,28.28,2022_2_26_22_11R,22,11R
63,4,3186,沖悟,61,大阪,52,B1,3.86,14.85,3.22,14.81,30.08,26.55,2022_2_26_22_11R,22,11R
64,5,4324,海野康志,34,山口,61,A1,7.11,55.15,6.36,48.28,29.00,46.43,2022_2_26_22_11R,22,11R
65,6,4403,木下大將,36,福岡,53,A2,6.07,46.67,6.15,47.27,42.19,21.10,2022_2_26_22_11R,22,11R
66,1,4831,羽野直也,26,福岡,54,A1,7.85,60.18,7.33,44.19,42.42,40.57,2022_2_26_22_12R,22,12R
67,2,4475,末永祐輝,34,山口,53,A2,5.99,38.38,6.29,45.10,35.97,49.47,2022_2_26_22_12R,22,12R
68,3,4760,山崎郡,32,大阪,52,A1,7.21,54.20,7.91,72.73,40.74,37.17,2022_2_26_22_12R,22,12R
69,4,3837,秋山広一,46,香川,52,A1,5.77,41.38,6.35,45.00,39.73,39.29,2022_2_26_22_12R,22,12R
70,5,4674,池田剛規,34,福岡,52,B1,5.11,33.33,5.11,32.14,26.97,29.57,2022_2_26_22_12R,22,12R
71,6,4063,市橋卓士,42,徳島,55,A1,6.55,45.16,0.00,0.00,30.23,29.17,2022_2_26_22_12R,22,12R
72,1,3362,間嶋仁志,52,三重,53,A2,5.91,41.55,0.00,0.00,37.79,34.02,2022_2_26_21_1R,21,1R
73,2,3742,宮地秀祈,47,福岡,52,B1,5.10,30.17,5.66,33.96,48.99,33.16,2022_2_26_21_1R,21,1R
74,3,4973,栗原直也,29,埼玉,52,B1,5.25,31.94,0.00,0.00,31.74,31.61,2022_2_26_21_1R,21,1R
75,4,3712,淺香文武,47,三重,56,B1,5.61,39.00,5.67,44.44,43.71,37.37,2022_2_26_21_1R,21,1R
76,5,3427,大賀広幸,54,山口,52,B1,5.82,37.07,5.58,36.84,54.30,34.17,2022_2_26_21_1R,21,1R
77,6,3929,杢野誓良,46,愛知,51,B1,4.94,31.76,0.00,0.00,37.04,34.21,2022_2_26_21_1R,21,1R
78,1,4259,真庭明志,38,長崎,53,A2,6.01,39.29,5.78,40.00,34.55,30.41,2022_2_26_21_2R,21,2R
79,2,4336,松田竜馬,38,福岡,53,B1,5.29,32.54,5.36,33.96,41.92,36.26,2022_2_26_21_2R,21,2R
80,3,3459,中野和裕,55,佐賀,54,B1,4.53,26.05,4.46,28.26,30.77,35.41,2022_2_26_21_2R,21,2R
81,4,3897,白井英治,45,山口,54,A1,7.93,55.56,8.53,52.94,26.35,38.54,2022_2_26_21_2R,21,2R
82,5,3273,石田豪,56,広島,52,B1,4.79,26.80,5.39,37.50,27.98,32.56,2022_2_26_21_2R,21,2R
83,6,4047,吉永浩則,41,大阪,56,B1,4.48,25.22,4.92,27.08,25.61,36.46,2022_2_26_21_2R,21,2R
84,1,3708,岡部貴司,47,岡山,55,A2,5.62,37.59,5.31,25.64,38.85,35.00,2022_2_26_21_3R,21,3R
85,2,4340,土性雅也,37,三重,56,B1,5.16,34.38,6.56,50.00,45.33,46.32,2022_2_26_21_3R,21,3R
86,3,4287,今井貴士,37,福岡,56,A1,6.63,51.02,7.09,58.14,48.68,35.03,2022_2_26_21_3R,21,3R
87,4,5112,砂長知輝,22,埼玉,53,B1,5.98,43.27,0.00,0.00,36.60,38.95,2022_2_26_21_3R,21,3R
88,5,4679,植田太一,32,福岡,59,A2,5.11,32.99,5.08,34.48,37.27,36.51,2022_2_26_21_3R,21,3R
89,6,4248,岡本大,39,長崎,54,B1,4.01,17.65,4.22,20.00,32.73,41.75,2022_2_26_21_3R,21,3R
90,1,4066,東本勝利,42,三重,53,A2,6.45,48.03,5.00,27.78,23.84,37.19,2022_2_26_21_4R,21,4R
91,2,4886,入海馨,25,岡山,55,A1,6.08,35.14,6.98,56.10,28.33,30.60,2022_2_26_21_4R,21,4R
92,3,3584,佐々木英,49,広島,53,B1,5.16,35.54,5.25,40.00,27.50,37.93,2022_2_26_21_4R,21,4R
93,4,3713,伊藤誠二,47,愛知,52,A1,6.58,55.32,7.09,45.45,40.00,33.85,2022_2_26_21_4R,21,4R
94,5,4661,中島昂章,30,佐賀,51,B1,5.37,33.61,5.26,27.66,25.00,32.83,2022_2_26_21_4R,21,4R
95,6,4866,橋本英一,31,福岡,54,B1,5.36,33.66,4.88,29.17,43.17,32.80,2022_2_26_21_4R,21,4R
96,1,4420,津久井拓,34,群馬,52,A2,5.52,31.36,5.18,29.41,39.24,31.05,2022_2_26_21_5R,21,5R
97,2,3929,杢野誓良,46,愛知,51,B1,4.94,31.76,0.00,0.00,37.04,34.21,2022_2_26_21_5R,21,5R
98,3,3582,吉川昭男,49,滋賀,52,A1,6.51,51.05,0.00,0.00,45.32,56.61,2022_2_26_21_5R,21,5R
99,4,4346,前田健太,36,福岡,57,B1,4.39,25.55,4.73,25.00,27.75,38.92,2022_2_26_21_5R,21,5R
100,5,5017,澤田尚也,23,滋賀,52,A1,6.84,52.80,5.54,32.43,27.54,33.16,2022_2_26_21_5R,21,5R
101,6,4158,木場雄二,40,山口,56,B1,5.88,40.40,3.29,0.00,26.32,38.83,2022_2_26_21_5R,21,5R
102,1,4489,岩川仁士,35,大阪,55,B1,5.11,34.23,5.60,30.00,28.41,38.78,2022_2_26_21_6R,21,6R
103,2,4047,吉永浩則,41,大阪,56,B1,4.48,25.22,4.92,27.08,25.61,36.46,2022_2_26_21_6R,21,6R
104,3,4140,梶野学志,41,東京,52,A1,6.84,54.69,6.44,38.89,36.21,31.77,2022_2_26_21_6R,21,6R
105,4,4551,三川昂暁,33,福岡,54,B1,5.66,38.32,5.31,33.68,27.39,30.85,2022_2_26_21_6R,21,6R
106,5,3842,星野太郎,45,三重,52,A2,5.82,35.45,8.43,71.43,26.97,35.96,2022_2_26_21_6R,21,6R
107,6,4137,君島秀三,41,滋賀,53,A1,6.37,37.14,8.19,76.19,28.48,36.51,2022_2_26_21_6R,21,6R
108,1,4669,井上茂,36,福岡,52,B1,4.44,27.78,5.05,32.14,39.87,35.86,2022_2_26_21_7R,21,7R
109,2,4181,花本夏樹,38,三重,55,B1,4.48,22.02,3.86,14.29,27.92,35.00,2022_2_26_21_7R,21,7R
110,3,3273,石田豪,56,広島,52,B1,4.79,26.80,5.39,37.50,27.98,32.56,2022_2_26_21_7R,21,7R
111,4,4248,岡本大,39,長崎,54,B1,4.01,17.65,4.22,20.00,32.73,41.75,2022_2_26_21_7R,21,7R
112,5,4973,栗原直也,29,埼玉,52,B1,5.25,31.94,0.00,0.00,31.74,31.61,2022_2_26_21_7R,21,7R
113,6,4336,松田竜馬,38,福岡,53,B1,5.29,32.54,5.36,33.96,41.92,36.26,2022_2_26_21_7R,21,7R
114,1,3686,鳥居塚孝,47,群馬,53,A2,6.07,45.59,0.00,0.00,45.33,33.68,2022_2_26_21_8R,21,8R
115,2,3459,中野和裕,55,佐賀,54,B1,4.53,26.05,4.46,28.26,30.77,35.41,2022_2_26_21_8R,21,8R
116,3,4506,稗田聖也,33,福岡,52,A2,5.98,43.08,6.11,44.29,26.49,36.08,2022_2_26_21_8R,21,8R
117,4,3742,宮地秀祈,47,福岡,52,B1,5.10,30.17,5.66,33.96,48.99,33.16,2022_2_26_21_8R,21,8R
118,5,3584,佐々木英,49,広島,53,B1,5.16,35.54,5.25,40.00,27.50,37.93,2022_2_26_21_8R,21,8R
119,6,4445,宮地元輝,35,佐賀,58,A2,6.55,46.72,7.44,59.62,25.95,30.89,2022_2_26_21_8R,21,8R
120,1,4340,土性雅也,37,三重,56,B1,5.16,34.38,6.56,50.00,45.33,46.32,2022_2_26_21_9R,21,9R
121,2,4866,橋本英一,31,福岡,54,B1,5.36,33.66,4.88,29.17,43.17,32.80,2022_2_26_21_9R,21,9R
122,3,4067,永井源,41,愛知,53,A1,6.43,46.96,5.17,31.03,43.62,32.09,2022_2_26_21_9R,21,9R
123,4,4158,木場雄二,40,山口,56,B1,5.88,40.40,3.29,0.00,26.32,38.83,2022_2_26_21_9R,21,9R
124,5,4346,前田健太,36,福岡,57,B1,4.39,25.55,4.73,25.00,27.75,38.92,2022_2_26_21_9R,21,9R
125,6,4939,宮之原輝,24,東京,51,A1,6.76,48.35,7.64,54.55,39.87,31.35,2022_2_26_21_9R,21,9R
126,1,3582,吉川昭男,49,滋賀,52,A1,6.51,51.05,0.00,0.00,45.32,56.61,2022_2_26_21_10R,21,10R
127,2,3427,大賀広幸,54,山口,52,B1,5.82,37.07,5.58,36.84,54.30,34.17,2022_2_26_21_10R,21,10R
128,3,3713,伊藤誠二,47,愛知,52,A1,6.58,55.32,7.09,45.45,40.00,33.85,2022_2_26_21_10R,21,10R
129,4,3708,岡部貴司,47,岡山,55,A2,5.62,37.59,5.31,25.64,38.85,35.00,2022_2_26_21_10R,21,10R
130,5,4140,梶野学志,41,東京,52,A1,6.84,54.69,6.44,38.89,36.21,31.77,2022_2_26_21_10R,21,10R
131,6,4551,三川昂暁,33,福岡,54,B1,5.66,38.32,5.31,33.68,27.39,30.85,2022_2_26_21_10R,21,10R
132,1,4287,今井貴士,37,福岡,56,A1,6.63,51.02,7.09,58.14,48.68,35.03,2022_2_26_21_11R,21,11R
133,2,4066,東本勝利,42,三重,53,A2,6.45,48.03,5.00,27.78,23.84,37.19,2022_2_26_21_11R,21,11R
134,3,3362,間嶋仁志,52,三重,53,A2,5.91,41.55,0.00,0.00,37.79,34.02,2022_2_26_21_11R,21,11R
135,4,5017,澤田尚也,23,滋賀,52,A1,6.84,52.80,5.54,32.43,27.54,33.16,2022_2_26_21_11R,21,11R
136,5,4669,井上茂,36,福岡,52,B1,4.44,27.78,5.05,32.14,39.87,35.86,2022_2_26_21_11R,21,11R
137,6,4259,真庭明志,38,長崎,53,A2,6.01,39.29,5.78,40.00,34.55,30.41,2022_2_26_21_11R,21,11R
138,1,3897,白井英治,45,山口,54,A1,7.93,55.56,8.53,52.94,26.35,38.54,2022_2_26_21_12R,21,12R
139,2,4137,君島秀三,41,滋賀,53,A1,6.37,37.14,8.19,76.19,28.48,36.51,2022_2_26_21_12R,21,12R
140,3,3686,鳥居塚孝,47,群馬,53,A2,6.07,45.59,0.00,0.00,45.33,33.68,2022_2_26_21_12R,21,12R
141,4,4506,稗田聖也,33,福岡,52,A2,5.98,43.08,6.11,44.29,26.49,36.08,2022_2_26_21_12R,21,12R
142,5,4886,入海馨,25,岡山,55,A1,6.08,35.14,6.98,56.10,28.33,30.60,2022_2_26_21_12R,21,12R
143,6,4420,津久井拓,34,群馬,52,A2,5.52,31.36,5.18,29.41,39.24,31.05,2022_2_26_21_12R,21,12R
144,1,4782,浜崎準也,35,岡山,51,B1,5.53,39.64,4.16,18.75,36.73,34.25,2022_2_26_19_1R,19,1R
145,2,4552,杉山勝匡,33,佐賀,49,B1,4.62,26.47,4.92,40.00,31.02,36.44,2022_2_26_19_1R,19,1R
146,3,4992,廣瀬篤哉,24,滋賀,56,B1,3.58,18.52,5.00,41.67,36.28,38.36,2022_2_26_19_1R,19,1R
147,4,4106,坂井康嗣,42,佐賀,51,B1,4.80,27.91,5.89,41.07,32.39,33.48,2022_2_26_19_1R,19,1R
148,5,4355,小川広大,38,福岡,57,B1,4.05,17.92,4.11,17.39,38.10,32.55,2022_2_26_19_1R,19,1R
149,6,3606,川北浩貴,50,滋賀,52,A2,6.48,48.97,6.03,48.39,39.72,34.21,2022_2_26_19_1R,19,1R
150,1,4098,赤澤文香,39,岡山,48,B1,4.80,25.77,4.67,29.63,30.21,36.61,2022_2_26_19_2R,19,2R
151,2,4563,齋藤真之,34,岡山,53,B1,4.55,24.21,4.02,23.33,35.10,32.44,2022_2_26_19_2R,19,2R
152,3,4343,村岡賢,37,広島,53,B1,4.73,27.68,4.16,14.52,46.12,31.50,2022_2_26_19_2R,19,2R
153,4,4438,森作雄大,35,東京,52,B1,5.21,32.23,0.00,0.00,33.78,35.75,2022_2_26_19_2R,19,2R
154,5,5057,上田紗奈,25,大阪,45,B1,4.09,24.04,3.89,22.22,31.90,30.94,2022_2_26_19_2R,19,2R
155,6,4388,是澤孝宏,36,滋賀,51,A1,5.91,42.86,7.11,61.11,42.62,36.41,2022_2_26_19_2R,19,2R
156,1,3674,岸恵子,49,徳島,47,B1,5.23,37.04,2.75,12.50,29.95,38.01,2022_2_26_19_3R,19,3R
157,2,3621,天野晶夫,47,愛知,55,A1,7.10,59.26,6.93,55.17,40.83,31.96,2022_2_26_19_3R,19,3R
158,3,3565,坂本徳克,51,東京,55,B1,3.77,14.29,0.00,0.00,29.82,33.80,2022_2_26_19_3R,19,3R
159,4,4677,片橋幸貴,33,滋賀,53,A1,6.11,41.94,6.00,50.00,35.78,41.96,2022_2_26_19_3R,19,3R
160,5,4007,榮田将彦,43,山口,49,B1,4.66,26.04,5.12,32.99,35.00,47.79,2022_2_26_19_3R,19,3R
161,6,4295,小坂尚哉,35,兵庫,54,A1,6.81,48.67,6.58,46.67,45.06,36.77,2022_2_26_19_3R,19,3R
162,1,5142,常住蓮,21,佐賀,51,B1,5.05,27.27,4.47,26.32,33.49,33.80,2022_2_26_19_4R,19,4R
163,2,4289,落合直子,37,大阪,48,A2,7.27,58.54,7.13,64.52,37.27,38.64,2022_2_26_19_4R,19,4R
164,3,4005,瀬川公則,43,山口,56,B1,4.17,25.00,4.01,22.22,32.24,36.16,2022_2_26_19_4R,19,4R
165,4,4264,長尾章平,37,山口,53,A2,6.04,43.38,6.63,50.57,37.28,37.67,2022_2_26_19_4R,19,4R
166,5,3721,守田俊介,46,滋賀,54,A1,8.33,70.59,7.22,55.56,41.09,35.71,2022_2_26_19_4R,19,4R
167,6,3801,五反田忍,48,大阪,49,B1,5.22,36.80,4.88,37.50,34.95,38.64,2022_2_26_19_4R,19,4R
168,1,4762,藤原啓史,31,岡山,49,A2,6.21,42.86,5.86,42.86,41.87,31.75,2022_2_26_19_5R,19,5R
169,2,4163,山崎裕司,40,広島,52,A2,6.18,44.78,8.30,69.57,38.31,32.42,2022_2_26_19_5R,19,5R
170,3,4764,小池礼乃,31,福岡,46,B1,4.97,27.84,3.74,26.32,40.19,31.40,2022_2_26_19_5R,19,5R
171,4,4727,安部慎一,34,福岡,54,B1,4.10,18.26,4.71,23.53,27.23,34.53,2022_2_26_19_5R,19,5R
172,5,4914,吉田裕平,25,愛知,51,A1,7.10,58.47,6.43,40.00,29.17,30.70,2022_2_26_19_5R,19,5R
173,6,4276,鈴木勝博,39,愛知,53,A1,7.20,60.80,7.17,66.67,37.14,33.18,2022_2_26_19_5R,19,5R
174,1,4640,山ノ内雅,31,福岡,53,A2,5.91,42.28,5.67,48.15,33.66,34.51,2022_2_26_19_6R,19,6R
175,2,4782,浜崎準也,35,岡山,51,B1,5.53,39.64,4.16,18.75,36.73,34.25,2022_2_26_19_6R,19,6R
176,3,4543,重木輝彦,34,兵庫,50,A1,6.55,48.03,6.08,39.22,37.00,31.82,2022_2_26_19_6R,19,6R
177,4,3942,寺田祥,43,山口,53,A1,7.21,52.17,8.19,69.53,29.90,32.42,2022_2_26_19_6R,19,6R
178,5,3604,武藤綾子,51,福岡,47,B1,4.52,20.56,4.89,33.33,37.38,36.97,2022_2_26_19_6R,19,6R
179,6,4438,森作雄大,35,東京,52,B1,5.21,32.23,0.00,0.00,33.78,35.75,2022_2_26_19_6R,19,6R
180,1,4022,待鳥雄紀,41,福岡,57,A2,6.17,44.26,5.43,28.57,30.32,37.17,2022_2_26_19_7R,19,7R
181,2,4446,和田兼輔,35,兵庫,52,A1,6.92,49.31,7.15,53.66,34.82,35.40,2022_2_26_19_7R,19,7R
182,3,4447,深川麻奈,35,福岡,49,B2,3.72,22.22,6.43,38.10,30.56,32.34,2022_2_26_19_7R,19,7R
183,4,4343,村岡賢,37,広島,53,B1,4.73,27.68,4.16,14.52,46.12,31.50,2022_2_26_19_7R,19,7R
184,5,3550,都築正治,50,愛知,55,A2,5.92,43.05,5.50,33.33,38.89,32.83,2022_2_26_19_7R,19,7R
185,6,3081,岡本慎治,58,山口,51,B1,5.54,37.65,5.50,35.37,31.96,36.16,2022_2_26_19_7R,19,7R
186,1,4677,片橋幸貴,33,滋賀,53,A1,6.11,41.94,6.00,50.00,35.78,41.96,2022_2_26_19_8R,19,8R
187,2,3606,川北浩貴,50,滋賀,52,A2,6.48,48.97,6.03,48.39,39.72,34.21,2022_2_26_19_8R,19,8R
188,3,3801,五反田忍,48,大阪,49,B1,5.22,36.80,4.88,37.50,34.95,38.64,2022_2_26_19_8R,19,8R
189,4,3805,高橋英之,47,東京,51,A2,5.23,34.23,6.37,52.63,43.26,35.40,2022_2_26_19_8R,19,8R
190,5,4098,赤澤文香,39,岡山,48,B1,4.80,25.77,4.67,29.63,30.21,36.61,2022_2_26_19_8R,19,8R
191,6,5155,内山七海,25,福岡,48,B2,1.94,3.70,0.00,0.00,36.12,36.94,2022_2_26_19_8R,19,8R
192,1,4472,尾嶋一広,34,兵庫,56,A1,6.58,47.89,6.82,50.00,30.84,38.60,2022_2_26_19_9R,19,9R
193,2,4762,藤原啓史,31,岡山,49,A2,6.21,42.86,5.86,42.86,41.87,31.75,2022_2_26_19_9R,19,9R
194,3,3674,岸恵子,49,徳島,47,B1,5.23,37.04,2.75,12.50,29.95,38.01,2022_2_26_19_9R,19,9R
195,4,4552,杉山勝匡,33,佐賀,49,B1,4.62,26.47,4.92,40.00,31.02,36.44,2022_2_26_19_9R,19,9R
196,5,3491,富永茂,54,福岡,52,B1,3.90,16.95,3.76,15.69,34.34,36.40,2022_2_26_19_9R,19,9R
197,6,3849,中岡正彦,44,香川,52,A2,5.42,36.84,5.69,50.00,27.78,34.93,2022_2_26_19_9R,19,9R
198,1,3721,守田俊介,46,滋賀,54,A1,8.33,70.59,7.22,55.56,41.09,35.71,2022_2_26_19_10R,19,10R
199,2,4388,是澤孝宏,36,滋賀,51,A1,5.91,42.86,7.11,61.11,42.62,36.41,2022_2_26_19_10R,19,10R
200,3,3621,天野晶夫,47,愛知,55,A1,7.10,59.26,6.93,55.17,40.83,31.96,2022_2_26_19_10R,19,10R
201,4,4914,吉田裕平,25,愛知,51,A1,7.10,58.47,6.43,40.00,29.17,30.70,2022_2_26_19_10R,19,10R
202,5,4543,重木輝彦,34,兵庫,50,A1,6.55,48.03,6.08,39.22,37.00,31.82,2022_2_26_19_10R,19,10R
203,6,4992,廣瀬篤哉,24,滋賀,56,B1,3.58,18.52,5.00,41.67,36.28,38.36,2022_2_26_19_10R,19,10R
204,1,3942,寺田祥,43,山口,53,A1,7.21,52.17,8.19,69.53,29.90,32.42,2022_2_26_19_11R,19,11R
205,2,4276,鈴木勝博,39,愛知,53,A1,7.20,60.80,7.17,66.67,37.14,33.18,2022_2_26_19_11R,19,11R
206,3,4446,和田兼輔,35,兵庫,52,A1,6.92,49.31,7.15,53.66,34.82,35.40,2022_2_26_19_11R,19,11R
207,4,4295,小坂尚哉,35,兵庫,54,A1,6.81,48.67,6.58,46.67,45.06,36.77,2022_2_26_19_11R,19,11R
208,5,4264,長尾章平,37,山口,53,A2,6.04,43.38,6.63,50.57,37.28,37.67,2022_2_26_19_11R,19,11R
209,6,4355,小川広大,38,福岡,57,B1,4.05,17.92,4.11,17.39,38.10,32.55,2022_2_26_19_11R,19,11R
210,1,4447,深川麻奈,35,福岡,49,B2,3.72,22.22,6.43,38.10,30.56,32.34,2022_2_26_19_12R,19,12R
211,2,4764,小池礼乃,31,福岡,46,B1,4.97,27.84,3.74,26.32,40.19,31.40,2022_2_26_19_12R,19,12R
212,3,3604,武藤綾子,51,福岡,47,B1,4.52,20.56,4.89,33.33,37.38,36.97,2022_2_26_19_12R,19,12R
213,4,4289,落合直子,37,大阪,48,A2,7.27,58.54,7.13,64.52,37.27,38.64,2022_2_26_19_12R,19,12R
214,5,5155,内山七海,25,福岡,48,B2,1.94,3.70,0.00,0.00,36.12,36.94,2022_2_26_19_12R,19,12R
215,6,5057,上田紗奈,25,大阪,45,B1,4.09,24.04,3.89,22.22,31.90,30.94,2022_2_26_19_12R,19,12R
216,1,3757,畑和宏,50,広島,52,A2,5.42,34.40,6.06,43.18,27.87,31.67,2022_2_26_17_1R,17,1R
217,2,3901,松田憲幸,44,山口,52,B1,5.05,33.08,5.31,30.56,30.56,32.81,2022_2_26_17_1R,17,1R
218,3,4729,佐藤謙史,33,福岡,55,B1,4.88,28.44,4.59,18.18,30.51,27.27,2022_2_26_17_1R,17,1R
219,4,4491,田中堅,35,群馬,53,B1,4.35,22.13,0.00,0.00,32.00,34.62,2022_2_26_17_1R,17,1R
220,5,3458,東健介,55,岡山,54,B1,6.09,42.65,5.08,35.59,33.82,38.46,2022_2_26_17_1R,17,1R
221,6,5176,石倉拓美,28,山口,54,B2,1.33,0.00,1.17,0.00,50.98,41.79,2022_2_26_17_1R,17,1R
222,1,3668,市川猛,50,広島,51,B1,4.32,19.35,4.77,25.47,42.00,37.29,2022_2_26_17_2R,17,2R
223,2,4126,吉本玲緒,42,広島,59,B1,4.05,23.64,4.59,28.03,30.30,51.56,2022_2_26_17_2R,17,2R
224,3,3812,山崎聖司,46,東京,52,B1,4.49,18.75,2.44,0.00,40.00,40.98,2022_2_26_17_2R,17,2R
225,4,3626,中林秀人,52,大阪,60,B1,3.74,18.75,4.34,21.88,42.86,36.92,2022_2_26_17_2R,17,2R
226,5,4407,鹿島敏弘,36,群馬,60,B1,5.18,31.90,5.56,44.44,49.02,33.96,2022_2_26_17_2R,17,2R
227,6,5217,藤原碧生,21,岡山,57,B2,2.85,6.45,0.00,0.00,43.48,35.48,2022_2_26_17_2R,17,2R
228,1,4691,水原慎,38,徳島,50,B1,4.57,18.39,4.24,9.09,27.08,26.98,2022_2_26_17_3R,17,3R
229,2,3661,柳瀬興志,52,山口,59,B1,5.41,29.20,4.33,11.11,32.26,55.56,2022_2_26_17_3R,17,3R
230,3,3430,角浜修,53,広島,53,A2,5.70,39.13,5.39,39.57,27.87,31.25,2022_2_26_17_3R,17,3R
231,4,4835,橋本明,33,広島,54,B1,4.98,26.37,4.98,28.45,31.82,37.50,2022_2_26_17_3R,17,3R
232,5,4572,渡部悟,33,大阪,57,A2,5.71,37.93,6.06,44.44,42.86,32.31,2022_2_26_17_3R,17,3R
233,6,4311,岡村仁,38,大阪,54,A1,7.16,54.67,6.05,45.00,40.82,38.71,2022_2_26_17_3R,17,3R
234,1,4219,本岡勝利,40,広島,57,B1,4.50,22.22,5.01,28.57,31.48,31.25,2022_2_26_17_4R,17,4R
235,2,4416,三宅健太,35,広島,55,A2,5.25,37.07,5.38,32.00,45.76,27.42,2022_2_26_17_4R,17,4R
236,3,5102,原田雄次,24,福岡,51,B1,4.07,21.43,0.00,0.00,28.57,27.42,2022_2_26_17_4R,17,4R
237,4,3841,佐々木和,45,徳島,55,A1,6.18,43.22,6.92,56.76,42.86,32.50,2022_2_26_17_4R,17,4R
238,5,5158,宮脇遼太,24,福岡,52,B2,2.17,2.91,1.67,0.00,48.00,45.45,2022_2_26_17_4R,17,4R
239,6,4872,山下流心,28,広島,52,A2,6.16,40.74,5.20,33.05,23.88,33.33,2022_2_26_17_4R,17,4R
240,1,3303,渡辺豊,54,東京,55,A2,5.91,38.69,0.00,0.00,43.40,38.98,2022_2_26_17_5R,17,5R
241,2,4395,下河雅史,35,福岡,56,B1,5.51,32.38,6.31,50.00,29.58,32.79,2022_2_26_17_5R,17,5R
242,3,5089,前田翔,21,愛知,49,B1,5.05,26.67,4.00,0.00,50.98,38.24,2022_2_26_17_5R,17,5R
243,4,4080,山崎哲司,43,愛知,53,A1,6.56,51.24,5.50,40.00,41.82,36.36,2022_2_26_17_5R,17,5R
244,5,4234,野相弘司,38,福岡,59,B1,5.30,32.61,4.67,26.67,25.00,32.35,2022_2_26_17_5R,17,5R
245,6,3719,辻栄蔵,46,広島,53,A1,7.77,55.91,7.77,61.36,36.92,34.48,2022_2_26_17_5R,17,5R
246,1,4024,井口佳典,44,三重,52,A1,7.33,52.99,6.75,41.67,42.86,40.68,2022_2_26_17_6R,17,6R
247,2,3458,東健介,55,岡山,54,B1,6.09,42.65,5.08,35.59,33.82,38.46,2022_2_26_17_6R,17,6R
248,3,4906,鈴木雅希,26,東京,55,B1,5.47,31.87,0.00,0.00,60.00,33.87,2022_2_26_17_6R,17,6R
249,4,3901,松田憲幸,44,山口,52,B1,5.05,33.08,5.31,30.56,30.56,32.81,2022_2_26_17_6R,17,6R
250,5,3812,山崎聖司,46,東京,52,B1,4.49,18.75,2.44,0.00,40.00,40.98,2022_2_26_17_6R,17,6R
251,6,4357,田中和也,37,大阪,52,A1,6.87,47.00,7.16,57.89,39.44,48.21,2022_2_26_17_6R,17,6R
252,1,3532,柴田光,50,群馬,55,B1,6.33,47.37,4.91,27.27,37.70,31.75,2022_2_26_17_7R,17,7R
253,2,4172,森定晃史,39,岡山,51,A2,6.62,48.03,6.54,37.84,32.08,44.26,2022_2_26_17_7R,17,7R
254,3,3158,島川光男,57,広島,54,A1,5.46,33.61,6.33,49.61,37.70,31.03,2022_2_26_17_7R,17,7R
255,4,4278,藤岡俊介,38,兵庫,52,A1,5.55,36.90,6.38,45.45,41.46,31.75,2022_2_26_17_7R,17,7R
256,5,5176,石倉拓美,28,山口,54,B2,1.33,0.00,1.17,0.00,50.98,41.79,2022_2_26_17_7R,17,7R
257,6,4126,吉本玲緒,42,広島,59,B1,4.05,23.64,4.59,28.03,30.30,51.56,2022_2_26_17_7R,17,7R
258,1,4729,佐藤謙史,33,福岡,55,B1,4.88,28.44,4.59,18.18,30.51,27.27,2022_2_26_17_8R,17,8R
259,2,4691,水原慎,38,徳島,50,B1,4.57,18.39,4.24,9.09,27.08,26.98,2022_2_26_17_8R,17,8R
260,3,3826,村田修次,48,東京,53,A1,7.04,56.34,6.20,60.00,39.29,45.28,2022_2_26_17_8R,17,8R
261,4,3717,立間充宏,47,岡山,56,A1,6.66,50.81,6.18,40.98,29.33,31.82,2022_2_26_17_8R,17,8R
262,5,4558,宮野仁,32,岡山,56,B1,4.80,28.69,5.58,42.11,38.60,43.33,2022_2_26_17_8R,17,8R
263,6,5158,宮脇遼太,24,福岡,52,B2,2.17,2.91,1.67,0.00,48.00,45.45,2022_2_26_17_8R,17,8R
264,1,4835,橋本明,33,広島,54,B1,4.98,26.37,4.98,28.45,31.82,37.50,2022_2_26_17_9R,17,9R
265,2,4796,春園功太,30,三重,51,A2,5.11,32.95,5.85,53.85,26.79,33.33,2022_2_26_17_9R,17,9R
266,3,4407,鹿島敏弘,36,群馬,60,B1,5.18,31.90,5.56,44.44,49.02,33.96,2022_2_26_17_9R,17,9R
267,4,4725,佐竹太一,35,兵庫,52,A2,5.94,40.91,4.74,26.32,48.28,42.62,2022_2_26_17_9R,17,9R
268,5,4395,下河雅史,35,福岡,56,B1,5.51,32.38,6.31,50.00,29.58,32.79,2022_2_26_17_9R,17,9R
269,6,5102,原田雄次,24,福岡,51,B1,4.07,21.43,0.00,0.00,28.57,27.42,2022_2_26_17_9R,17,9R
270,1,4311,岡村仁,38,大阪,54,A1,7.16,54.67,6.05,45.00,40.82,38.71,2022_2_26_17_10R,17,10R
271,2,4024,井口佳典,44,三重,52,A1,7.33,52.99,6.75,41.67,42.86,40.68,2022_2_26_17_10R,17,10R
272,3,4080,山崎哲司,43,愛知,53,A1,6.56,51.24,5.50,40.00,41.82,36.36,2022_2_26_17_10R,17,10R
273,4,3430,角浜修,53,広島,53,A2,5.70,39.13,5.39,39.57,27.87,31.25,2022_2_26_17_10R,17,10R
274,5,4906,鈴木雅希,26,東京,55,B1,5.47,31.87,0.00,0.00,60.00,33.87,2022_2_26_17_10R,17,10R
275,6,4219,本岡勝利,40,広島,57,B1,4.50,22.22,5.01,28.57,31.48,31.25,2022_2_26_17_10R,17,10R
276,1,4357,田中和也,37,大阪,52,A1,6.87,47.00,7.16,57.89,39.44,48.21,2022_2_26_17_11R,17,11R
277,2,4278,藤岡俊介,38,兵庫,52,A1,5.55,36.90,6.38,45.45,41.46,31.75,2022_2_26_17_11R,17,11R
278,3,4416,三宅健太,35,広島,55,A2,5.25,37.07,5.38,32.00,45.76,27.42,2022_2_26_17_11R,17,11R
279,4,3757,畑和宏,50,広島,52,A2,5.42,34.40,6.06,43.18,27.87,31.67,2022_2_26_17_11R,17,11R
280,5,3158,島川光男,57,広島,54,A1,5.46,33.61,6.33,49.61,37.70,31.03,2022_2_26_17_11R,17,11R
281,6,3661,柳瀬興志,52,山口,59,B1,5.41,29.20,4.33,11.11,32.26,55.56,2022_2_26_17_11R,17,11R
282,1,3719,辻栄蔵,46,広島,53,A1,7.77,55.91,7.77,61.36,36.92,34.48,2022_2_26_17_12R,17,12R
283,2,3717,立間充宏,47,岡山,56,A1,6.66,50.81,6.18,40.98,29.33,31.82,2022_2_26_17_12R,17,12R
284,3,3841,佐々木和,45,徳島,55,A1,6.18,43.22,6.92,56.76,42.86,32.50,2022_2_26_17_12R,17,12R
285,4,3826,村田修次,48,東京,53,A1,7.04,56.34,6.20,60.00,39.29,45.28,2022_2_26_17_12R,17,12R
286,5,3532,柴田光,50,群馬,55,B1,6.33,47.37,4.91,27.27,37.70,31.75,2022_2_26_17_12R,17,12R
287,6,3303,渡辺豊,54,東京,55,A2,5.91,38.69,0.00,0.00,43.40,38.98,2022_2_26_17_12R,17,12R
288,1,3025,山口哲治,60,長崎,50,B1,3.78,13.24,3.67,16.67,20.00,39.64,2022_2_26_16_1R,16,1R
289,2,3411,池上隆行,52,広島,51,B1,4.19,17.28,4.73,20.00,31.58,36.71,2022_2_26_16_1R,16,1R
290,3,3928,林恵祐,46,福岡,62,B1,4.04,20.51,4.90,50.00,28.57,37.36,2022_2_26_16_1R,16,1R
291,4,5187,小坂風太,21,福井,51,B1,2.40,4.84,3.00,16.67,26.92,33.15,2022_2_26_16_1R,16,1R
292,5,3559,水長照雄,54,山口,53,B1,4.02,16.48,4.23,23.08,30.00,30.27,2022_2_26_16_1R,16,1R
293,6,5148,松本怜,28,福岡,48,B2,2.16,2.97,3.56,11.11,31.03,37.82,2022_2_26_16_1R,16,1R
294,1,3741,松尾基成,47,福岡,56,B1,4.54,22.95,4.21,17.65,25.00,36.24,2022_2_26_16_2R,16,2R
295,2,3611,岩崎芳美,49,徳島,49,A1,5.92,39.66,6.21,42.11,32.14,34.48,2022_2_26_16_2R,16,2R
296,3,4469,土山卓也,35,福井,53,B1,5.01,31.63,5.80,38.00,26.67,30.51,2022_2_26_16_2R,16,2R
297,4,4950,高岡竜也,28,山口,52,B1,5.12,32.71,5.18,32.14,35.71,31.22,2022_2_26_16_2R,16,2R
298,5,4969,町田洸希,30,長崎,54,B1,4.15,19.83,3.86,13.64,31.03,36.50,2022_2_26_16_2R,16,2R
299,6,5134,大原祥昌,22,広島,51,B2,2.62,4.55,2.96,4.17,31.03,35.29,2022_2_26_16_2R,16,2R
300,1,3781,秋元誠,46,福井,57,B1,3.61,17.39,4.21,23.68,26.92,33.18,2022_2_26_16_3R,16,3R
301,2,4743,木村仁紀,29,滋賀,54,A1,6.37,48.84,6.09,45.45,32.14,37.23,2022_2_26_16_3R,16,3R
302,3,4694,高田綾,37,福岡,44,B1,5.03,28.81,3.28,6.90,32.14,33.69,2022_2_26_16_3R,16,3R
303,4,4373,若狭奈美,33,岡山,47,B1,4.95,27.27,6.55,46.77,50.00,43.87,2022_2_26_16_3R,16,3R
304,5,3825,宮嵜隆太,48,福岡,60,B1,4.24,23.61,3.81,14.81,50.00,34.59,2022_2_26_16_3R,16,3R
305,6,5165,小林愛実,21,岡山,47,B2,2.14,1.02,1.70,0.00,58.33,31.25,2022_2_26_16_3R,16,3R
306,1,5115,香川颯太,22,滋賀,52,B1,3.57,13.51,2.11,11.11,26.67,36.77,2022_2_26_16_4R,16,4R
307,2,4826,井上一輝,27,大阪,50,A1,6.58,48.80,6.11,48.15,32.14,32.94,2022_2_26_16_4R,16,4R
308,3,3802,森岡まき,48,岡山,47,B1,4.56,28.70,4.54,28.07,26.67,35.55,2022_2_26_16_4R,16,4R
309,4,4521,小池公生,34,福岡,51,A2,5.97,42.36,5.59,32.65,22.22,36.73,2022_2_26_16_4R,16,4R
310,5,3507,藤井徹,50,大阪,52,A2,4.99,32.32,5.94,38.89,16.67,37.73,2022_2_26_16_4R,16,4R
311,6,3925,大田誠,46,山口,53,B1,3.53,16.67,3.60,17.78,31.03,34.54,2022_2_26_16_4R,16,4R
312,1,4046,谷村啓司,42,福岡,55,B1,4.09,20.19,4.11,14.81,33.33,33.90,2022_2_26_16_5R,16,5R
313,2,4977,馬野耀,27,大阪,55,A2,6.01,35.58,4.53,26.67,38.46,36.02,2022_2_26_16_5R,16,5R
314,3,4012,中村有裕,42,滋賀,57,B1,5.66,37.23,0.00,0.00,40.91,35.46,2022_2_26_16_5R,16,5R
315,4,3685,荒井輝年,47,岡山,57,A2,5.44,30.16,6.09,40.00,20.69,34.54,2022_2_26_16_5R,16,5R
316,5,4384,鶴本崇文,36,大阪,52,A1,6.66,50.00,5.68,39.02,16.67,32.83,2022_2_26_16_5R,16,5R
317,6,3411,池上隆行,52,広島,51,B1,4.19,17.28,4.73,20.00,31.58,36.71,2022_2_26_16_5R,16,5R
318,1,3559,水長照雄,54,山口,53,B1,4.02,16.48,4.23,23.08,30.00,30.27,2022_2_26_16_6R,16,6R
319,2,4100,松田隆司,43,福岡,54,A2,5.80,42.27,5.58,37.50,24.14,36.40,2022_2_26_16_6R,16,6R
320,3,4713,白神優,31,岡山,55,A2,5.32,31.00,6.84,50.47,20.00,30.15,2022_2_26_16_6R,16,6R
321,4,4600,井内将太,37,広島,51,A2,6.17,43.61,5.67,38.60,13.33,34.32,2022_2_26_16_6R,16,6R
322,5,3833,中辻博訓,47,福井,55,A1,6.52,48.28,7.14,61.90,36.67,40.96,2022_2_26_16_6R,16,6R
323,6,4969,町田洸希,30,長崎,54,B1,4.15,19.83,3.86,13.64,31.03,36.50,2022_2_26_16_6R,16,6R
324,1,4950,高岡竜也,28,山口,52,B1,5.12,32.71,5.18,32.14,35.71,31.22,2022_2_26_16_7R,16,7R
325,2,3562,山下和彦,52,広島,51,A2,5.79,39.68,6.22,50.91,3.85,34.03,2022_2_26_16_7R,16,7R
326,3,3357,福島陽子,53,岡山,47,B1,4.22,16.16,3.90,17.65,46.15,43.12,2022_2_26_16_7R,16,7R
327,4,4983,前田篤哉,25,愛知,52,A1,6.34,47.90,4.00,14.29,24.14,31.88,2022_2_26_16_7R,16,7R
328,5,4069,山本修一,41,岡山,53,A2,5.93,40.54,6.88,52.38,33.33,36.80,2022_2_26_16_7R,16,7R
329,6,5187,小坂風太,21,福井,51,B1,2.40,4.84,3.00,16.67,26.92,33.15,2022_2_26_16_7R,16,7R
330,1,3825,宮嵜隆太,48,福岡,60,B1,4.24,23.61,3.81,14.81,50.00,34.59,2022_2_26_16_8R,16,8R
331,2,4593,小坂宗司,41,大阪,53,A1,6.38,42.86,6.22,37.78,60.00,29.67,2022_2_26_16_8R,16,8R
332,3,3741,松尾基成,47,福岡,56,B1,4.54,22.95,4.21,17.65,25.00,36.24,2022_2_26_16_8R,16,8R
333,4,3802,森岡まき,48,岡山,47,B1,4.56,28.70,4.54,28.07,26.67,35.55,2022_2_26_16_8R,16,8R
334,5,3933,山地正樹,45,岡山,54,A1,6.33,42.97,7.47,66.20,65.52,41.22,2022_2_26_16_8R,16,8R
335,6,4603,谷川将太,34,長崎,53,A2,5.37,36.44,5.21,33.33,24.14,31.34,2022_2_26_16_8R,16,8R
336,1,4469,土山卓也,35,福井,53,B1,5.01,31.63,5.80,38.00,26.67,30.51,2022_2_26_16_9R,16,9R
337,2,3746,岡瀬正人,46,岡山,52,A2,6.32,47.59,6.34,43.24,56.52,30.43,2022_2_26_16_9R,16,9R
338,3,3025,山口哲治,60,長崎,50,B1,3.78,13.24,3.67,16.67,20.00,39.64,2022_2_26_16_9R,16,9R
339,4,3925,大田誠,46,山口,53,B1,3.53,16.67,3.60,17.78,31.03,34.54,2022_2_26_16_9R,16,9R
340,5,4960,黒野元基,25,愛知,52,A1,6.68,50.99,5.15,34.62,44.44,29.67,2022_2_26_16_9R,16,9R
341,6,4694,高田綾,37,福岡,44,B1,5.03,28.81,3.28,6.90,32.14,33.69,2022_2_26_16_9R,16,9R
342,1,3833,中辻博訓,47,福井,55,A1,6.52,48.28,7.14,61.90,36.67,40.96,2022_2_26_16_10R,16,10R
343,2,4384,鶴本崇文,36,大阪,52,A1,6.66,50.00,5.68,39.02,16.67,32.83,2022_2_26_16_10R,16,10R
344,3,3685,荒井輝年,47,岡山,57,A2,5.44,30.16,6.09,40.00,20.69,34.54,2022_2_26_16_10R,16,10R
345,4,4713,白神優,31,岡山,55,A2,5.32,31.00,6.84,50.47,20.00,30.15,2022_2_26_16_10R,16,10R
346,5,4826,井上一輝,27,大阪,50,A1,6.58,48.80,6.11,48.15,32.14,32.94,2022_2_26_16_10R,16,10R
347,6,4743,木村仁紀,29,滋賀,54,A1,6.37,48.84,6.09,45.45,32.14,37.23,2022_2_26_16_10R,16,10R
348,1,4069,山本修一,41,岡山,53,A2,5.93,40.54,6.88,52.38,33.33,36.80,2022_2_26_16_11R,16,11R
349,2,4600,井内将太,37,広島,51,A2,6.17,43.61,5.67,38.60,13.33,34.32,2022_2_26_16_11R,16,11R
350,3,4373,若狭奈美,33,岡山,47,B1,4.95,27.27,6.55,46.77,50.00,43.87,2022_2_26_16_11R,16,11R
351,4,5115,香川颯太,22,滋賀,52,B1,3.57,13.51,2.11,11.11,26.67,36.77,2022_2_26_16_11R,16,11R
352,5,4977,馬野耀,27,大阪,55,A2,6.01,35.58,4.53,26.67,38.46,36.02,2022_2_26_16_11R,16,11R
353,6,3562,山下和彦,52,広島,51,A2,5.79,39.68,6.22,50.91,3.85,34.03,2022_2_26_16_11R,16,11R
354,1,3933,山地正樹,45,岡山,54,A1,6.33,42.97,7.47,66.20,65.52,41.22,2022_2_26_16_12R,16,12R
355,2,4983,前田篤哉,25,愛知,52,A1,6.34,47.90,4.00,14.29,24.14,31.88,2022_2_26_16_12R,16,12R
356,3,4521,小池公生,34,福岡,51,A2,5.97,42.36,5.59,32.65,22.22,36.73,2022_2_26_16_12R,16,12R
357,4,3357,福島陽子,53,岡山,47,B1,4.22,16.16,3.90,17.65,46.15,43.12,2022_2_26_16_12R,16,12R
358,5,4100,松田隆司,43,福岡,54,A2,5.80,42.27,5.58,37.50,24.14,36.40,2022_2_26_16_12R,16,12R
359,6,4046,谷村啓司,42,福岡,55,B1,4.09,20.19,4.11,14.81,33.33,33.90,2022_2_26_16_12R,16,12R
360,1,4732,堀本和也,32,徳島,54,A1,6.23,40.95,6.39,50.37,41.21,39.51,2022_2_26_14_1R,14,1R
361,2,4913,清水さく,25,愛知,51,B1,4.11,17.86,5.30,30.00,32.28,40.59,2022_2_26_14_1R,14,1R
362,3,3477,近藤稔也,51,徳島,54,B1,4.88,23.42,4.40,18.60,34.04,40.20,2022_2_26_14_1R,14,1R
363,4,5114,小林孝彰,22,福井,53,B1,3.26,11.58,4.13,25.00,36.41,45.83,2022_2_26_14_1R,14,1R
364,5,3883,山根大樹,48,広島,57,B1,3.86,19.23,3.67,12.50,34.90,32.98,2022_2_26_14_1R,14,1R
365,6,5162,松尾怜実,22,福岡,48,B2,1.62,1.82,1.00,0.00,40.84,30.93,2022_2_26_14_1R,14,1R
366,1,3994,茶谷桜,43,滋賀,46,A2,5.18,30.85,5.15,28.21,40.10,37.50,2022_2_26_14_2R,14,2R
367,2,4897,深見亜由,30,愛知,45,B1,4.39,16.30,0.00,0.00,33.68,32.14,2022_2_26_14_2R,14,2R
368,3,4874,池田奈津,28,福岡,52,B1,4.16,20.69,3.56,16.67,33.33,31.91,2022_2_26_14_2R,14,2R
369,4,3509,道上千夏,50,香川,50,B1,3.61,16.33,3.68,17.65,32.84,30.48,2022_2_26_14_2R,14,2R
370,5,4372,原田佑実,34,大阪,46,A2,6.17,46.07,6.62,52.38,38.59,35.50,2022_2_26_14_2R,14,2R
371,6,5113,黒明花夢,22,岡山,50,B2,2.10,3.30,1.73,0.00,35.61,33.50,2022_2_26_14_2R,14,2R
372,1,4459,片岡雅裕,36,香川,52,A1,6.75,46.04,6.58,50.65,32.64,31.40,2022_2_26_14_3R,14,3R
373,2,3692,竹腰正樹,50,福井,52,B1,4.31,23.36,3.60,10.00,34.17,33.16,2022_2_26_14_3R,14,3R
374,3,3882,新田智彰,48,大阪,57,A2,5.48,33.63,5.38,37.50,32.97,35.68,2022_2_26_14_3R,14,3R
375,4,4383,竹田吉行,36,徳島,52,B1,5.76,40.40,5.85,38.78,43.46,31.28,2022_2_26_14_3R,14,3R
376,5,4705,吉川勇作,33,長崎,55,B1,4.18,17.53,4.22,24.00,38.71,37.69,2022_2_26_14_3R,14,3R
377,6,4370,山口達也,35,岡山,54,A2,6.72,46.88,7.08,61.54,34.34,33.17,2022_2_26_14_3R,14,3R
378,1,3576,白水勝也,49,福岡,52,A1,7.13,55.12,6.36,36.00,35.71,35.12,2022_2_26_14_4R,14,4R
379,2,4271,川崎公靖,39,広島,53,B1,5.10,29.63,5.21,30.23,41.63,32.20,2022_2_26_14_4R,14,4R
380,3,3874,山本寛久,45,岡山,53,A1,6.03,41.44,6.60,48.00,32.80,34.67,2022_2_26_14_4R,14,4R
381,4,4167,片岡秀樹,39,徳島,58,B1,4.69,23.31,4.94,31.03,38.83,33.33,2022_2_26_14_4R,14,4R
382,5,4821,妻鳥晋也,30,香川,56,A2,5.41,35.14,5.50,34.21,34.87,38.07,2022_2_26_14_4R,14,4R
383,6,5151,山下奈緒,26,大阪,49,B2,1.43,1.89,1.00,0.00,26.82,33.33,2022_2_26_14_4R,14,4R
384,1,3543,福田雅一,53,香川,55,A2,6.02,44.83,6.03,50.82,34.05,35.35,2022_2_26_14_5R,14,5R
385,2,3600,玄馬徹,51,岡山,53,B1,4.30,20.63,4.18,27.27,30.39,32.31,2022_2_26_14_5R,14,5R
386,3,4368,山口隆史,36,福岡,51,B1,4.55,24.77,3.96,16.00,33.98,35.32,2022_2_26_14_5R,14,5R
387,4,4028,田村隆信,43,徳島,57,A1,7.23,54.10,7.18,59.87,45.65,33.50,2022_2_26_14_5R,14,5R
388,5,4257,古川健,38,広島,52,A2,5.22,31.00,5.28,31.03,34.95,43.16,2022_2_26_14_5R,14,5R
389,6,3843,上之晃弘,45,長崎,53,B1,4.99,30.91,5.57,33.33,32.24,38.38,2022_2_26_14_5R,14,5R
390,1,3725,向達哉,50,大阪,54,B1,4.03,18.18,5.20,32.61,32.46,33.52,2022_2_26_14_6R,14,6R
391,2,3541,三嶌誠司,53,香川,53,A1,6.89,50.34,6.91,51.85,39.13,46.67,2022_2_26_14_6R,14,6R
392,3,5058,前原大道,25,岡山,52,B1,5.39,36.13,3.29,11.76,32.84,36.92,2022_2_26_14_6R,14,6R
393,4,3797,岩井繁,48,広島,59,B1,4.09,18.80,4.26,15.79,28.89,36.22,2022_2_26_14_6R,14,6R
394,5,5162,松尾怜実,22,福岡,48,B2,1.62,1.82,1.00,0.00,40.84,30.93,2022_2_26_14_6R,14,6R
395,6,4391,松田祐季,35,福井,52,A1,6.80,51.92,6.78,50.00,32.82,33.87,2022_2_26_14_6R,14,6R
396,1,4020,川上清人,42,香川,65,B1,4.47,24.51,4.78,30.00,34.74,30.65,2022_2_26_14_7R,14,7R
397,2,4411,沢田昭宏,35,大阪,54,A2,5.86,34.81,4.96,25.53,32.46,31.94,2022_2_26_14_7R,14,7R
398,3,3883,山根大樹,48,広島,57,B1,3.86,19.23,3.67,12.50,34.90,32.98,2022_2_26_14_7R,14,7R
399,4,5113,黒明花夢,22,岡山,50,B2,2.10,3.30,1.73,0.00,35.61,33.50,2022_2_26_14_7R,14,7R
400,5,3692,竹腰正樹,50,福井,52,B1,4.31,23.36,3.60,10.00,34.17,33.16,2022_2_26_14_7R,14,7R
401,6,3349,吉田一郎,54,長崎,52,A1,6.13,49.11,6.96,60.71,34.57,33.67,2022_2_26_14_7R,14,7R
402,1,4874,池田奈津,28,福岡,52,B1,4.16,20.69,3.56,16.67,33.33,31.91,2022_2_26_14_8R,14,8R
403,2,4812,西野雄貴,32,徳島,52,A1,6.91,53.10,6.91,53.08,31.71,38.83,2022_2_26_14_8R,14,8R
404,3,3462,竹上真司,54,岡山,52,B1,5.39,34.29,5.59,40.58,32.80,31.49,2022_2_26_14_8R,14,8R
405,4,3882,新田智彰,48,大阪,57,A2,5.48,33.63,5.38,37.50,32.97,35.68,2022_2_26_14_8R,14,8R
406,5,4913,清水さく,25,愛知,51,B1,4.11,17.86,5.30,30.00,32.28,40.59,2022_2_26_14_8R,14,8R
407,6,4271,川崎公靖,39,広島,53,B1,5.10,29.63,5.21,30.23,41.63,32.20,2022_2_26_14_8R,14,8R
408,1,4705,吉川勇作,33,長崎,55,B1,4.18,17.53,4.22,24.00,38.71,37.69,2022_2_26_14_9R,14,9R
409,2,4821,妻鳥晋也,30,香川,56,A2,5.41,35.14,5.50,34.21,34.87,38.07,2022_2_26_14_9R,14,9R
410,3,3872,岡田憲行,45,大阪,53,A2,6.03,44.30,6.26,51.06,39.89,33.83,2022_2_26_14_9R,14,9R
411,4,4732,堀本和也,32,徳島,54,A1,6.23,40.95,6.39,50.37,41.21,39.51,2022_2_26_14_9R,14,9R
412,5,3600,玄馬徹,51,岡山,53,B1,4.30,20.63,4.18,27.27,30.39,32.31,2022_2_26_14_9R,14,9R
413,6,4897,深見亜由,30,愛知,45,B1,4.39,16.30,0.00,0.00,33.68,32.14,2022_2_26_14_9R,14,9R
414,1,4383,竹田吉行,36,徳島,52,B1,5.76,40.40,5.85,38.78,43.46,31.28,2022_2_26_14_10R,14,10R
415,2,4643,近江翔吾,29,香川,52,A1,6.78,48.28,6.51,48.57,30.21,34.83,2022_2_26_14_10R,14,10R
416,3,3439,大平誉史,52,大阪,53,A2,5.68,42.22,6.08,38.46,30.21,33.51,2022_2_26_14_10R,14,10R
417,4,3949,今出晋二,45,岡山,58,B1,4.51,17.09,3.46,12.50,38.62,37.06,2022_2_26_14_10R,14,10R
418,5,3994,茶谷桜,43,滋賀,46,A2,5.18,30.85,5.15,28.21,40.10,37.50,2022_2_26_14_10R,14,10R
419,6,4368,山口隆史,36,福岡,51,B1,4.55,24.77,3.96,16.00,33.98,35.32,2022_2_26_14_10R,14,10R
420,1,4257,古川健,38,広島,52,A2,5.22,31.00,5.28,31.03,34.95,43.16,2022_2_26_14_11R,14,11R
421,2,4370,山口達也,35,岡山,54,A2,6.72,46.88,7.08,61.54,34.34,33.17,2022_2_26_14_11R,14,11R
422,3,4372,原田佑実,34,大阪,46,A2,6.17,46.07,6.62,52.38,38.59,35.50,2022_2_26_14_11R,14,11R
423,4,4513,河野真也,32,福岡,52,A2,5.48,34.71,6.14,45.24,36.60,43.00,2022_2_26_14_11R,14,11R
424,5,3541,三嶌誠司,53,香川,53,A1,6.89,50.34,6.91,51.85,39.13,46.67,2022_2_26_14_11R,14,11R
425,6,4411,沢田昭宏,35,大阪,54,A2,5.86,34.81,4.96,25.53,32.46,31.94,2022_2_26_14_11R,14,11R
426,1,4028,田村隆信,43,徳島,57,A1,7.23,54.10,7.18,59.87,45.65,33.50,2022_2_26_14_12R,14,12R
427,2,4391,松田祐季,35,福井,52,A1,6.80,51.92,6.78,50.00,32.82,33.87,2022_2_26_14_12R,14,12R
428,3,3349,吉田一郎,54,長崎,52,A1,6.13,49.11,6.96,60.71,34.57,33.67,2022_2_26_14_12R,14,12R
429,4,4459,片岡雅裕,36,香川,52,A1,6.75,46.04,6.58,50.65,32.64,31.40,2022_2_26_14_12R,14,12R
430,5,4812,西野雄貴,32,徳島,52,A1,6.91,53.10,6.91,53.08,31.71,38.83,2022_2_26_14_12R,14,12R
431,6,3874,山本寛久,45,岡山,53,A1,6.03,41.44,6.60,48.00,32.80,34.67,2022_2_26_14_12R,14,12R
432,1,4035,杉江浩明,43,愛知,50,B1,4.50,29.79,5.03,35.29,35.10,27.44,2022_2_26_13_1R,13,1R
433,2,5054,佐々木大,26,大阪,51,B1,3.78,19.75,3.49,16.22,43.22,36.87,2022_2_26_13_1R,13,1R
434,3,4877,鈴谷一平,27,兵庫,56,A2,6.03,41.00,5.43,36.36,35.50,35.56,2022_2_26_13_1R,13,1R
435,4,3471,赤峰和也,52,佐賀,53,B1,4.21,21.36,4.00,27.27,32.99,35.80,2022_2_26_13_1R,13,1R
436,5,3079,新地雅洋,58,大阪,50,B1,4.24,32.39,4.15,27.27,37.69,35.26,2022_2_26_13_1R,13,1R
437,6,5170,佐藤太亮,21,岡山,52,B2,2.18,3.23,1.14,0.00,41.63,33.33,2022_2_26_13_1R,13,1R
438,1,5039,倉田茂将,23,愛知,56,B1,4.09,24.53,5.50,38.89,39.50,24.58,2022_2_26_13_2R,13,2R
439,2,4675,井手良太,34,大阪,52,A2,5.56,40.85,0.00,0.00,38.28,39.10,2022_2_26_13_2R,13,2R
440,3,4356,長岡良也,37,兵庫,52,A1,6.30,45.90,6.39,45.10,36.54,33.67,2022_2_26_13_2R,13,2R
441,4,4111,奥田誠,41,広島,54,A2,5.04,30.47,3.50,12.50,36.17,33.33,2022_2_26_13_2R,13,2R
442,5,5211,高井駿弥,23,愛知,50,B2,1.42,2.63,0.00,0.00,30.20,28.19,2022_2_26_13_2R,13,2R
443,6,3212,亀本勇樹,60,広島,57,B1,4.90,26.04,3.94,16.67,36.71,28.90,2022_2_26_13_2R,13,2R
444,1,4638,小林遼太,31,福岡,54,B1,4.92,29.46,0.00,0.00,38.69,21.67,2022_2_26_13_3R,13,3R
445,2,4173,岡谷健吾,39,広島,57,A2,5.64,39.13,4.74,29.63,28.36,36.41,2022_2_26_13_3R,13,3R
446,3,4061,萩原秀人,42,福井,55,A1,6.69,49.09,7.20,50.00,34.98,29.65,2022_2_26_13_3R,13,3R
447,4,5033,藤原孝斗,24,愛知,56,B2,4.23,20.00,1.29,0.00,41.92,24.86,2022_2_26_13_3R,13,3R
448,5,4785,木幡純也,34,愛知,52,B1,3.59,15.52,3.82,17.65,40.10,30.26,2022_2_26_13_3R,13,3R
449,6,3731,高濱芳久,48,広島,54,A2,5.14,36.84,5.36,38.98,43.94,32.61,2022_2_26_13_3R,13,3R
450,1,3663,木山和幸,52,広島,50,B1,4.95,30.30,4.81,23.81,30.81,29.73,2022_2_26_13_4R,13,4R
451,2,4604,岩瀬裕亮,33,愛知,53,A1,7.10,46.73,7.10,54.76,40.29,31.79,2022_2_26_13_4R,13,4R
452,3,3870,寺嶋雄,46,福井,51,B1,5.12,29.17,4.38,24.32,26.09,32.61,2022_2_26_13_4R,13,4R
453,4,5110,杉山喜一,22,静岡,50,B1,4.41,20.00,2.58,4.17,33.17,35.68,2022_2_26_13_4R,13,4R
454,5,4410,井上大輔,35,岡山,50,A2,5.93,42.98,5.10,38.46,34.15,35.93,2022_2_26_13_4R,13,4R
455,6,5139,大場恒季,21,愛知,53,B1,3.81,13.46,2.50,7.14,40.80,30.90,2022_2_26_13_4R,13,4R
456,1,4487,三原司,35,福岡,52,B1,4.29,21.11,3.86,28.57,32.84,39.52,2022_2_26_13_5R,13,5R
457,2,3499,市川哲也,53,広島,51,A1,6.19,38.84,5.32,32.26,40.63,29.51,2022_2_26_13_5R,13,5R
458,3,3905,天野友和,44,愛知,53,A2,5.73,38.68,5.10,22.54,23.60,37.84,2022_2_26_13_5R,13,5R
459,4,5170,佐藤太亮,21,岡山,52,B2,2.18,3.23,1.14,0.00,41.63,33.33,2022_2_26_13_5R,13,5R
460,5,3307,上瀧和則,53,佐賀,52,A2,6.33,51.72,0.00,0.00,30.61,38.98,2022_2_26_13_5R,13,5R
461,6,4666,日笠勝弘,38,大阪,51,B1,4.21,23.02,3.58,20.93,30.53,32.46,2022_2_26_13_5R,13,5R
462,1,4811,向井田佑,32,広島,50,A2,5.61,39.62,4.07,14.81,39.41,30.81,2022_2_26_13_6R,13,6R
463,2,3220,二橋学,57,静岡,50,B1,4.03,14.68,5.09,31.11,38.50,36.32,2022_2_26_13_6R,13,6R
464,3,3780,魚谷智之,46,兵庫,51,A1,7.31,53.13,7.80,67.38,26.23,32.80,2022_2_26_13_6R,13,6R
465,4,5039,倉田茂将,23,愛知,56,B1,4.09,24.53,5.50,38.89,39.50,24.58,2022_2_26_13_6R,13,6R
466,5,5054,佐々木大,26,大阪,51,B1,3.78,19.75,3.49,16.22,43.22,36.87,2022_2_26_13_6R,13,6R
467,6,4405,南野利騰,36,福井,54,B1,4.91,26.09,5.33,44.44,37.25,33.86,2022_2_26_13_6R,13,6R
468,1,3471,赤峰和也,52,佐賀,53,B1,4.21,21.36,4.00,27.27,32.99,35.80,2022_2_26_13_7R,13,7R
469,2,3516,吉原聖人,54,広島,51,B1,4.16,21.21,4.48,18.52,29.02,28.49,2022_2_26_13_7R,13,7R
470,3,4214,林祐介,37,岡山,54,A2,5.38,38.04,3.71,28.57,43.81,29.17,2022_2_26_13_7R,13,7R
471,4,5211,高井駿弥,23,愛知,50,B2,1.42,2.63,0.00,0.00,30.20,28.19,2022_2_26_13_7R,13,7R
472,5,3415,松井繁,52,大阪,51,A1,7.34,51.95,7.14,44.44,40.00,20.83,2022_2_26_13_7R,13,7R
473,6,5033,藤原孝斗,24,愛知,56,B2,4.23,20.00,1.29,0.00,41.92,24.86,2022_2_26_13_7R,13,7R
474,1,4356,長岡良也,37,兵庫,52,A1,6.30,45.90,6.39,45.10,36.54,33.67,2022_2_26_13_8R,13,8R
475,2,4410,井上大輔,35,岡山,50,A2,5.93,42.98,5.10,38.46,34.15,35.93,2022_2_26_13_8R,13,8R
476,3,3617,竹田広樹,48,佐賀,55,B1,3.49,19.10,3.13,13.33,40.69,39.88,2022_2_26_13_8R,13,8R
477,4,2903,山崎毅,62,福岡,50,B1,4.46,20.72,4.00,5.88,34.93,35.33,2022_2_26_13_8R,13,8R
478,5,4173,岡谷健吾,39,広島,57,A2,5.64,39.13,4.74,29.63,28.36,36.41,2022_2_26_13_8R,13,8R
479,6,3079,新地雅洋,58,大阪,50,B1,4.24,32.39,4.15,27.27,37.69,35.26,2022_2_26_13_8R,13,8R
480,1,4061,萩原秀人,42,福井,55,A1,6.69,49.09,7.20,50.00,34.98,29.65,2022_2_26_13_9R,13,9R
481,2,5139,大場恒季,21,愛知,53,B1,3.81,13.46,2.50,7.14,40.80,30.90,2022_2_26_13_9R,13,9R
482,3,3519,冨田秀幸,53,愛知,52,B1,4.71,23.08,5.15,28.21,30.05,37.06,2022_2_26_13_9R,13,9R
483,4,3499,市川哲也,53,広島,51,A1,6.19,38.84,5.32,32.26,40.63,29.51,2022_2_26_13_9R,13,9R
484,5,4877,鈴谷一平,27,兵庫,56,A2,6.03,41.00,5.43,36.36,35.50,35.56,2022_2_26_13_9R,13,9R
485,6,4111,奥田誠,41,広島,54,A2,5.04,30.47,3.50,12.50,36.17,33.33,2022_2_26_13_9R,13,9R
486,1,3307,上瀧和則,53,佐賀,52,A2,6.33,51.72,0.00,0.00,30.61,38.98,2022_2_26_13_10R,13,10R
487,2,5110,杉山喜一,22,静岡,50,B1,4.41,20.00,2.58,4.17,33.17,35.68,2022_2_26_13_10R,13,10R
488,3,4785,木幡純也,34,愛知,52,B1,3.59,15.52,3.82,17.65,40.10,30.26,2022_2_26_13_10R,13,10R
489,4,4675,井手良太,34,大阪,52,A2,5.56,40.85,0.00,0.00,38.28,39.10,2022_2_26_13_10R,13,10R
490,5,4035,杉江浩明,43,愛知,50,B1,4.50,29.79,5.03,35.29,35.10,27.44,2022_2_26_13_10R,13,10R
491,6,3780,魚谷智之,46,兵庫,51,A1,7.31,53.13,7.80,67.38,26.23,32.80,2022_2_26_13_10R,13,10R
492,1,3415,松井繁,52,大阪,51,A1,7.34,51.95,7.14,44.44,40.00,20.83,2022_2_26_13_11R,13,11R
493,2,3731,高濱芳久,48,広島,54,A2,5.14,36.84,5.36,38.98,43.94,32.61,2022_2_26_13_11R,13,11R
494,3,3212,亀本勇樹,60,広島,57,B1,4.90,26.04,3.94,16.67,36.71,28.90,2022_2_26_13_11R,13,11R
495,4,4604,岩瀬裕亮,33,愛知,53,A1,7.10,46.73,7.10,54.76,40.29,31.79,2022_2_26_13_11R,13,11R
496,5,4811,向井田佑,32,広島,50,A2,5.61,39.62,4.07,14.81,39.41,30.81,2022_2_26_13_11R,13,11R
497,6,3905,天野友和,44,愛知,53,A2,5.73,38.68,5.10,22.54,23.60,37.84,2022_2_26_13_11R,13,11R
498,1,4418,茅原悠紀,34,岡山,55,A1,7.50,46.49,7.22,44.44,23.78,30.50,2022_2_26_13_12R,13,12R
499,2,4055,吉田俊彦,43,兵庫,54,A1,6.73,49.21,7.06,54.84,34.83,34.62,2022_2_26_13_12R,13,12R
500,3,3737,上平真二,48,広島,52,A1,7.24,53.49,7.15,50.00,38.78,41.57,2022_2_26_13_12R,13,12R
501,4,4025,山本隆幸,44,兵庫,52,A1,6.29,41.22,6.69,47.98,22.46,38.10,2022_2_26_13_12R,13,12R
502,5,4659,木下翔太,30,大阪,54,A1,6.65,47.27,6.21,35.71,28.49,25.14,2022_2_26_13_12R,13,12R
503,6,4019,笠原亮,42,静岡,53,B2,7.24,56.86,0.00,0.00,40.91,29.05,2022_2_26_13_12R,13,12R
504,1,5004,河野主樹,25,大阪,51,B1,4.74,26.14,3.70,15.53,34.48,26.04,2022_2_26_12_1R,12,1R
505,2,3715,倉尾大介,47,福岡,55,B1,4.73,28.77,1.00,0.00,31.76,37.65,2022_2_26_12_1R,12,1R
506,3,3877,松浦博人,44,東京,56,B1,4.61,25.00,3.69,18.75,43.02,23.03,2022_2_26_12_1R,12,1R
507,4,4945,上村宏太,29,東京,50,B1,4.56,28.00,0.00,0.00,28.31,27.44,2022_2_26_12_1R,12,1R
508,5,3564,桑原啓,51,福岡,53,B1,4.19,24.21,4.08,20.00,36.99,40.72,2022_2_26_12_1R,12,1R
509,6,3948,大町利克,45,大阪,54,B1,4.59,25.23,4.28,20.37,31.21,31.90,2022_2_26_12_1R,12,1R
510,1,4728,山口亮,34,東京,53,B1,4.74,27.35,4.89,31.43,37.36,29.30,2022_2_26_12_2R,12,2R
511,2,4864,小川日紀,32,福岡,52,B1,4.84,27.16,3.86,21.43,31.74,24.70,2022_2_26_12_2R,12,2R
512,3,3736,岡本猛,48,大阪,52,B2,4.47,22.81,4.91,28.13,29.14,34.36,2022_2_26_12_2R,12,2R
513,4,4861,田中宏樹,33,福岡,51,B1,4.88,27.18,0.00,0.00,37.50,35.15,2022_2_26_12_2R,12,2R
514,5,3105,内山文典,58,東京,54,A2,5.27,31.91,5.56,22.22,27.84,36.81,2022_2_26_12_2R,12,2R
515,6,4967,中村魁生,23,大阪,51,A2,6.62,48.68,5.31,30.69,31.25,39.88,2022_2_26_12_2R,12,2R
516,1,5008,羽野諒,25,福岡,52,B1,4.70,23.48,3.64,8.00,41.07,37.58,2022_2_26_12_3R,12,3R
517,2,4702,三浦敬太,34,東京,51,A1,6.63,51.96,6.30,46.67,41.76,43.95,2022_2_26_12_3R,12,3R
518,3,3670,古澤信二,50,福岡,57,B1,4.33,25.76,4.52,25.81,29.65,39.31,2022_2_26_12_3R,12,3R
519,4,4644,山田亮太,42,東京,52,A2,5.87,34.74,4.90,30.00,32.16,25.30,2022_2_26_12_3R,12,3R
520,5,4865,立具敬司,32,大阪,52,B2,4.63,22.86,5.19,36.11,24.70,37.72,2022_2_26_12_3R,12,3R
521,6,5221,竹間隆晟,21,大阪,54,B2,2.75,8.33,2.29,0.00,26.16,32.52,2022_2_26_12_3R,12,3R
522,1,4155,長野壮志,41,福岡,55,A1,6.15,49.15,6.28,46.15,29.82,41.61,2022_2_26_12_4R,12,4R
523,2,4889,後藤盛也,33,東京,53,B1,5.17,36.00,5.47,33.33,34.50,41.36,2022_2_26_12_4R,12,4R
524,3,4314,青木幸太,37,福岡,51,A2,5.46,35.94,4.73,33.33,30.06,27.27,2022_2_26_12_4R,12,4R
525,4,5049,松井友汰,27,大阪,52,B1,4.49,26.87,2.72,8.51,29.48,32.48,2022_2_26_12_4R,12,4R
526,5,4274,長畑友輔,39,東京,50,B1,5.12,29.91,5.37,33.33,23.84,33.09,2022_2_26_12_4R,12,4R
527,6,4319,三宅潤,36,大阪,54,A2,6.15,44.07,5.71,37.50,29.14,31.33,2022_2_26_12_4R,12,4R
528,1,4184,渡邊雄一,35,大阪,51,A2,6.80,54.84,6.40,49.00,31.58,27.22,2022_2_26_12_5R,12,5R
529,2,3564,桑原啓,51,福岡,53,B1,4.19,24.21,4.08,20.00,36.99,40.72,2022_2_26_12_5R,12,5R
530,3,4211,村田敦,38,東京,58,B1,4.36,24.65,5.10,41.38,40.00,34.16,2022_2_26_12_5R,12,5R
531,4,2538,高橋二朗,72,東京,51,B1,4.57,22.33,3.31,7.69,39.77,37.58,2022_2_26_12_5R,12,5R
532,5,3370,坪内実,55,大阪,56,B1,4.09,18.29,4.58,29.17,35.29,28.92,2022_2_26_12_5R,12,5R
533,6,4545,岡村慶太,34,福岡,55,A1,7.37,56.91,7.86,71.43,32.22,33.93,2022_2_26_12_5R,12,5R
534,1,3888,山本英志,46,東京,51,A1,6.44,46.67,5.97,43.59,31.98,30.86,2022_2_26_12_6R,12,6R
535,2,4301,関裕也,38,福岡,53,A2,5.86,42.00,5.68,39.29,30.77,34.91,2022_2_26_12_6R,12,6R
536,3,5073,上原健次,26,福岡,53,B1,4.43,18.10,7.83,66.67,30.99,34.13,2022_2_26_12_6R,12,6R
537,4,3736,岡本猛,48,大阪,52,B2,4.47,22.81,4.91,28.13,29.14,34.36,2022_2_26_12_6R,12,6R
538,5,5004,河野主樹,25,大阪,51,B1,4.74,26.14,3.70,15.53,34.48,26.04,2022_2_26_12_6R,12,6R
539,6,3771,折下寛法,47,東京,52,A2,5.90,41.43,6.32,36.36,28.90,27.61,2022_2_26_12_6R,12,6R
540,1,3963,原田秀弥,43,大阪,55,A2,5.93,42.54,5.91,41.50,26.51,34.64,2022_2_26_12_7R,12,7R
541,2,4945,上村宏太,29,東京,50,B1,4.56,28.00,0.00,0.00,28.31,27.44,2022_2_26_12_7R,12,7R
542,3,5007,近藤雄一,25,東京,54,B1,3.64,15.15,0.00,0.00,40.80,32.12,2022_2_26_12_7R,12,7R
543,4,4406,幸野史明,36,福岡,51,B1,4.42,18.42,4.50,16.67,39.53,28.83,2022_2_26_12_7R,12,7R
544,5,3556,田中信一,49,大阪,54,A1,6.64,45.95,6.36,40.63,30.06,31.90,2022_2_26_12_7R,12,7R
545,6,3670,古澤信二,50,福岡,57,B1,4.33,25.76,4.52,25.81,29.65,39.31,2022_2_26_12_7R,12,7R
546,1,3105,内山文典,58,東京,54,A2,5.27,31.91,5.56,22.22,27.84,36.81,2022_2_26_12_8R,12,8R
547,2,3948,大町利克,45,大阪,54,B1,4.59,25.23,4.28,20.37,31.21,31.90,2022_2_26_12_8R,12,8R
548,3,4719,上條暢嵩,28,大阪,51,A1,7.31,53.78,6.80,47.93,35.09,42.33,2022_2_26_12_8R,12,8R
549,4,4555,富永大一,32,福岡,54,B1,5.02,31.00,4.19,19.35,46.47,37.18,2022_2_26_12_8R,12,8R
550,5,4875,大塚康雅,27,東京,52,B1,4.68,27.17,5.00,26.92,35.59,34.34,2022_2_26_12_8R,12,8R
551,6,4314,青木幸太,37,福岡,51,A2,5.46,35.94,4.73,33.33,30.06,27.27,2022_2_26_12_8R,12,8R
552,1,4657,江崎一雄,34,福岡,53,A2,5.57,35.77,6.13,50.00,37.57,40.00,2022_2_26_12_9R,12,9R
553,2,3915,繁野谷圭,47,大阪,52,A1,6.71,49.19,6.28,39.39,33.33,37.04,2022_2_26_12_9R,12,9R
554,3,3370,坪内実,55,大阪,56,B1,4.09,18.29,4.58,29.17,35.29,28.92,2022_2_26_12_9R,12,9R
555,4,4274,長畑友輔,39,東京,50,B1,5.12,29.91,5.37,33.33,23.84,33.09,2022_2_26_12_9R,12,9R
556,5,4864,小川日紀,32,福岡,52,B1,4.84,27.16,3.86,21.43,31.74,24.70,2022_2_26_12_9R,12,9R
557,6,3877,松浦博人,44,東京,56,B1,4.61,25.00,3.69,18.75,43.02,23.03,2022_2_26_12_9R,12,9R
558,1,4644,山田亮太,42,東京,52,A2,5.87,34.74,4.90,30.00,32.16,25.30,2022_2_26_12_10R,12,10R
559,2,4119,泥谷一毅,40,大阪,56,B2,4.04,24.07,5.47,37.14,38.07,29.88,2022_2_26_12_10R,12,10R
560,3,4319,三宅潤,36,大阪,54,A2,6.15,44.07,5.71,37.50,29.14,31.33,2022_2_26_12_10R,12,10R
561,4,3715,倉尾大介,47,福岡,55,B1,4.73,28.77,1.00,0.00,31.76,37.65,2022_2_26_12_10R,12,10R
562,5,4211,村田敦,38,東京,58,B1,4.36,24.65,5.10,41.38,40.00,34.16,2022_2_26_12_10R,12,10R
563,6,3804,中渡修作,47,福岡,54,A2,5.69,36.94,5.16,35.14,36.78,38.18,2022_2_26_12_10R,12,10R
564,1,3876,中辻崇人,45,福岡,53,A1,7.02,58.46,5.78,38.89,29.48,43.21,2022_2_26_12_11R,12,11R
565,2,4462,夏山亮平,35,大阪,58,B1,4.80,21.18,5.23,36.78,32.16,39.33,2022_2_26_12_11R,12,11R
566,3,4889,後藤盛也,33,東京,53,B1,5.17,36.00,5.47,33.33,34.50,41.36,2022_2_26_12_11R,12,11R
567,4,4184,渡邊雄一,35,大阪,51,A2,6.80,54.84,6.40,49.00,31.58,27.22,2022_2_26_12_11R,12,11R
568,5,4301,関裕也,38,福岡,53,A2,5.86,42.00,5.68,39.29,30.77,34.91,2022_2_26_12_11R,12,11R
569,6,3656,伯母芳恒,48,東京,55,A2,5.47,34.15,4.25,6.25,31.40,28.68,2022_2_26_12_11R,12,11R
570,1,3556,田中信一,49,大阪,54,A1,6.64,45.95,6.36,40.63,30.06,31.90,2022_2_26_12_12R,12,12R
571,2,3888,山本英志,46,東京,51,A1,6.44,46.67,5.97,43.59,31.98,30.86,2022_2_26_12_12R,12,12R
572,3,4545,岡村慶太,34,福岡,55,A1,7.37,56.91,7.86,71.43,32.22,33.93,2022_2_26_12_12R,12,12R
573,4,4719,上條暢嵩,28,大阪,51,A1,7.31,53.78,6.80,47.93,35.09,42.33,2022_2_26_12_12R,12,12R
574,5,4155,長野壮志,41,福岡,55,A1,6.15,49.15,6.28,46.15,29.82,41.61,2022_2_26_12_12R,12,12R
575,6,4702,三浦敬太,34,東京,51,A1,6.63,51.96,6.30,46.67,41.76,43.95,2022_2_26_12_12R,12,12R
576,1,4013,中島孝平,42,福井,52,A1,6.93,41.78,7.46,57.75,26.13,38.57,2022_2_26_10_1R,10,1R
577,2,4389,伊藤喜智,36,大阪,51,B1,4.66,30.40,4.95,27.69,44.67,34.62,2022_2_26_10_1R,10,1R
578,3,3454,井川大作,50,岡山,62,B1,3.75,12.73,5.63,37.50,35.21,36.41,2022_2_26_10_1R,10,1R
579,4,4515,藤田浩人,35,佐賀,54,B1,5.48,34.86,6.11,36.84,28.57,34.63,2022_2_26_10_1R,10,1R
580,5,3589,西村勝,48,埼玉,55,B1,4.97,36.99,5.00,33.33,30.70,35.55,2022_2_26_10_1R,10,1R
581,6,3233,小畑実成,55,岡山,53,B1,5.96,42.57,5.38,29.73,32.85,32.35,2022_2_26_10_1R,10,1R
582,1,4442,松竹大輔,35,愛知,53,A2,5.23,31.07,6.11,41.54,44.89,30.09,2022_2_26_10_2R,10,2R
583,2,4856,豊田健士,25,三重,53,A1,6.66,51.96,7.14,48.84,43.19,43.19,2022_2_26_10_2R,10,2R
584,3,4794,和田拓也,31,兵庫,54,B1,5.83,37.60,5.19,31.25,29.67,28.50,2022_2_26_10_2R,10,2R
585,4,3998,冨成謙児,42,佐賀,51,B1,4.97,26.85,5.70,30.00,32.06,33.17,2022_2_26_10_2R,10,2R
586,5,3497,後藤浩,53,埼玉,51,B1,5.07,34.34,5.37,42.11,36.36,29.95,2022_2_26_10_2R,10,2R
587,6,3977,山本兼士,44,大阪,54,B1,5.28,33.93,5.29,38.24,25.65,38.32,2022_2_26_10_2R,10,2R
588,1,4210,松村康太,38,福井,53,A2,6.22,40.30,6.29,38.81,32.18,32.04,2022_2_26_10_3R,10,3R
589,2,4985,井本昌也,24,山口,51,B1,5.62,36.75,5.60,40.00,35.98,37.88,2022_2_26_10_3R,10,3R
590,3,4269,杉山裕也,36,愛知,53,A1,5.96,41.41,6.63,54.35,39.05,39.02,2022_2_26_10_3R,10,3R
591,4,4229,市川美宏,38,静岡,52,B2,4.24,17.65,7.43,57.14,35.05,38.81,2022_2_26_10_3R,10,3R
592,5,4209,藤田竜弘,39,静岡,60,B1,5.00,26.60,6.16,42.22,36.11,34.12,2022_2_26_10_3R,10,3R
593,6,3347,矢後剛,55,東京,56,B1,5.62,33.85,5.38,23.08,39.62,31.77,2022_2_26_10_3R,10,3R
594,1,4331,三好勇人,38,香川,56,A2,4.85,27.27,5.00,27.78,34.98,28.86,2022_2_26_10_4R,10,4R
595,2,4654,篠田優也,35,兵庫,54,B1,5.82,37.65,5.30,26.67,30.77,35.07,2022_2_26_10_4R,10,4R
596,3,4318,桑原将光,37,東京,52,A2,6.34,46.51,5.47,33.33,43.13,32.50,2022_2_26_10_4R,10,4R
597,4,4750,井上尚悟,34,大阪,52,B2,4.20,20.29,3.92,15.38,38.39,31.60,2022_2_26_10_4R,10,4R
598,5,4663,籾山佳岳,39,愛知,51,B1,4.43,20.20,4.54,17.86,32.35,35.41,2022_2_26_10_4R,10,4R
599,6,4342,谷野錬志,37,静岡,53,A1,6.40,40.29,7.90,70.00,26.92,31.31,2022_2_26_10_4R,10,4R
600,1,4303,牧原崇,38,愛知,52,B1,4.94,30.33,5.68,36.84,26.73,34.54,2022_2_26_10_5R,10,5R
601,2,4415,下出卓矢,35,福井,56,A2,6.68,50.96,7.25,62.71,33.49,21.89,2022_2_26_10_5R,10,5R
602,3,3489,大場敏,54,静岡,51,A1,6.33,43.07,6.86,58.00,43.26,35.68,2022_2_26_10_5R,10,5R
603,4,4143,浦田晃嗣,40,佐賀,55,B1,4.75,31.25,6.15,38.46,28.64,36.41,2022_2_26_10_5R,10,5R
604,5,3227,長岡茂一,56,東京,54,B1,5.25,35.87,5.29,42.86,35.02,33.02,2022_2_26_10_5R,10,5R
605,6,3577,向所浩二,49,兵庫,58,A2,5.56,35.14,6.11,36.84,28.29,32.32,2022_2_26_10_5R,10,5R
606,1,3908,重成一人,43,香川,56,B2,6.83,53.62,5.90,50.00,38.79,32.14,2022_2_26_10_6R,10,6R
607,2,3327,野長瀬正,54,静岡,53,A2,6.06,45.16,6.19,42.86,36.95,35.71,2022_2_26_10_6R,10,6R
608,3,3956,横澤剛治,44,静岡,56,A1,6.29,45.10,4.83,8.33,42.34,34.74,2022_2_26_10_6R,10,6R
609,4,3654,武田光史,48,福井,55,A2,5.93,39.66,6.89,51.59,27.62,34.13,2022_2_26_10_6R,10,6R
610,5,4794,和田拓也,31,兵庫,54,B1,5.83,37.60,5.19,31.25,29.67,28.50,2022_2_26_10_6R,10,6R
611,6,3454,井川大作,50,岡山,62,B1,3.75,12.73,5.63,37.50,35.21,36.41,2022_2_26_10_6R,10,6R
612,1,4209,藤田竜弘,39,静岡,60,B1,5.00,26.60,6.16,42.22,36.11,34.12,2022_2_26_10_7R,10,7R
613,2,3984,坂口周,44,三重,53,A1,6.45,40.50,8.23,81.82,38.05,28.71,2022_2_26_10_7R,10,7R
614,3,3589,西村勝,48,埼玉,55,B1,4.97,36.99,5.00,33.33,30.70,35.55,2022_2_26_10_7R,10,7R
615,4,4442,松竹大輔,35,愛知,53,A2,5.23,31.07,6.11,41.54,44.89,30.09,2022_2_26_10_7R,10,7R
616,5,3919,村上純,47,岡山,53,B1,6.39,51.18,6.80,54.29,46.33,39.50,2022_2_26_10_7R,10,7R
617,6,4912,中山将太,25,福井,56,A2,5.45,33.61,5.39,36.80,30.05,40.61,2022_2_26_10_7R,10,7R
618,1,5074,大澤誠也,26,愛知,54,B1,2.81,9.09,2.26,2.56,38.50,34.95,2022_2_26_10_8R,10,8R
619,2,4515,藤田浩人,35,佐賀,54,B1,5.48,34.86,6.11,36.84,28.57,34.63,2022_2_26_10_8R,10,8R
620,3,4342,谷野錬志,37,静岡,53,A1,6.40,40.29,7.90,70.00,26.92,31.31,2022_2_26_10_8R,10,8R
621,4,4210,松村康太,38,福井,53,A2,6.22,40.30,6.29,38.81,32.18,32.04,2022_2_26_10_8R,10,8R
622,5,3381,滝沢芳行,53,埼玉,52,B1,5.07,32.41,5.67,41.67,35.94,31.13,2022_2_26_10_8R,10,8R
623,6,4856,豊田健士,25,三重,53,A1,6.66,51.96,7.14,48.84,43.19,43.19,2022_2_26_10_8R,10,8R
624,1,4389,伊藤喜智,36,大阪,51,B1,4.66,30.40,4.95,27.69,44.67,34.62,2022_2_26_10_9R,10,9R
625,2,3489,大場敏,54,静岡,51,A1,6.33,43.07,6.86,58.00,43.26,26.78,2022_2_26_10_9R,10,9R
626,3,3977,山本兼士,44,大阪,54,B1,5.28,33.93,5.29,38.24,25.65,38.32,2022_2_26_10_9R,10,9R
627,4,4331,三好勇人,38,香川,56,A2,4.85,27.27,5.00,27.78,34.98,28.86,2022_2_26_10_9R,10,9R
628,5,3814,金子貴志,45,福井,50,A2,5.91,43.08,5.84,39.39,31.73,31.60,2022_2_26_10_9R,10,9R
629,6,4269,杉山裕也,36,愛知,53,A1,5.96,41.41,6.63,54.35,39.05,39.02,2022_2_26_10_9R,10,9R
630,1,3998,冨成謙児,42,佐賀,51,B1,4.97,26.85,5.70,30.00,32.06,33.17,2022_2_26_10_10R,10,10R
631,2,4435,服部達哉,35,愛知,55,A1,5.90,39.05,5.41,38.24,31.16,30.88,2022_2_26_10_10R,10,10R
632,3,4013,中島孝平,42,福井,52,A1,6.93,41.78,7.46,57.75,26.13,38.57,2022_2_26_10_10R,10,10R
633,4,3347,矢後剛,55,東京,56,B1,5.62,33.85,5.38,23.08,39.62,31.77,2022_2_26_10_10R,10,10R
634,5,3327,野長瀬正,54,静岡,53,A2,6.06,45.16,6.19,42.86,36.95,35.71,2022_2_26_10_10R,10,10R
635,6,4415,下出卓矢,35,福井,56,A2,6.68,50.96,7.25,62.71,33.49,21.89,2022_2_26_10_10R,10,10R
636,1,3654,武田光史,48,福井,55,A2,5.93,39.66,6.89,51.59,27.62,34.13,2022_2_26_10_11R,10,11R
637,2,3233,小畑実成,55,岡山,53,B1,5.96,42.57,5.38,29.73,32.85,32.35,2022_2_26_10_11R,10,11R
638,3,3497,後藤浩,53,埼玉,51,B1,5.07,34.34,5.37,42.11,36.36,29.95,2022_2_26_10_11R,10,11R
639,4,4318,桑原将光,37,東京,52,A2,6.34,46.51,5.47,33.33,43.13,32.50,2022_2_26_10_11R,10,11R
640,5,4308,河村了,38,愛知,52,A1,6.80,44.44,6.77,50.00,38.73,30.05,2022_2_26_10_11R,10,11R
641,6,3984,坂口周,44,三重,53,A1,6.45,40.50,8.23,81.82,38.05,28.71,2022_2_26_10_11R,10,11R
642,1,3956,横澤剛治,44,静岡,56,A1,6.29,45.10,4.83,8.33,42.34,34.74,2022_2_26_10_12R,10,12R
643,2,3577,向所浩二,49,兵庫,58,A2,5.56,35.14,6.11,36.84,28.29,32.32,2022_2_26_10_12R,10,12R
644,3,4912,中山将太,25,福井,56,A2,5.45,33.61,5.39,36.80,30.05,40.61,2022_2_26_10_12R,10,12R
645,4,4154,森安弘雅,41,香川,53,A2,5.77,40.63,5.27,36.51,31.55,33.65,2022_2_26_10_12R,10,12R
646,5,4985,井本昌也,24,山口,51,B1,5.62,36.75,5.60,40.00,35.98,37.88,2022_2_26_10_12R,10,12R
647,6,4654,篠田優也,35,兵庫,54,B1,5.82,37.65,5.30,26.67,30.77,35.07,2022_2_26_10_12R,10,12R
648,1,4108,吉村正明,42,山口,51,A1,6.56,52.04,2.50,25.00,41.56,40.21,2022_2_26_09_1R,9,1R
649,2,5013,山下夏鈴,24,三重,45,B1,5.16,35.90,3.99,24.21,30.00,34.69,2022_2_26_09_1R,9,1R
650,3,3536,一色雅昭,55,愛知,55,B1,4.10,15.19,4.50,25.00,31.61,24.00,2022_2_26_09_1R,9,1R
651,4,5041,荒牧凪沙,23,福岡,51,B1,4.04,8.82,0.00,0.00,39.45,33.33,2022_2_26_09_1R,9,1R
652,5,4062,後藤陽介,42,愛知,57,B1,4.83,27.64,5.43,37.74,32.85,36.69,2022_2_26_09_1R,9,1R
653,6,5180,藤本紗弥,24,山口,47,B2,1.70,0.00,0.00,0.00,34.83,37.38,2022_2_26_09_1R,9,1R
654,1,3823,本部真吾,49,三重,58,B1,5.52,36.61,4.82,28.99,27.72,24.03,2022_2_26_09_2R,9,2R
655,2,3859,多羅尾達,48,東京,52,B1,4.43,21.05,3.92,15.38,48.21,28.70,2022_2_26_09_2R,9,2R
656,3,4781,西舘果里,35,東京,52,B1,4.83,21.69,5.67,33.33,26.32,37.70,2022_2_26_09_2R,9,2R
657,4,5123,福山恵里,25,山口,48,B2,2.15,1.92,2.75,0.00,31.34,30.53,2022_2_26_09_2R,9,2R
658,5,4439,近藤友宝,35,埼玉,56,B1,4.35,25.66,4.04,23.08,34.41,32.82,2022_2_26_09_2R,9,2R
659,6,5122,相馬翔,20,埼玉,56,B1,2.86,11.43,2.76,8.00,31.36,41.96,2022_2_26_09_2R,9,2R
660,1,3807,岡部哲,47,埼玉,52,B1,4.00,17.65,4.86,31.43,29.75,37.80,2022_2_26_09_3R,9,3R
661,2,3880,浅見宗孝,49,埼玉,55,A2,5.38,31.21,3.88,16.00,33.33,22.77,2022_2_26_09_3R,9,3R
662,3,4798,浜先真範,28,広島,53,A1,6.03,40.68,2.88,0.00,29.36,30.63,2022_2_26_09_3R,9,3R
663,4,4203,小倉康典,39,群馬,54,B1,4.50,27.66,4.68,30.19,26.62,37.00,2022_2_26_09_3R,9,3R
664,5,3566,川添英正,51,福岡,52,A2,5.23,33.91,0.00,0.00,31.69,35.25,2022_2_26_09_3R,9,3R
665,6,3920,正木聖賢,47,広島,53,A1,6.85,56.39,6.37,51.85,39.05,36.97,2022_2_26_09_3R,9,3R
666,1,3533,佐川正道,50,埼玉,51,B1,4.05,15.15,4.36,27.87,38.74,28.35,2022_2_26_09_4R,9,4R
667,2,3385,渡邉睦広,52,東京,52,A2,5.82,42.65,5.36,36.17,25.95,30.00,2022_2_26_09_4R,9,4R
668,3,4292,麻生慎介,36,広島,51,A1,5.90,41.43,0.00,0.00,34.68,27.34,2022_2_26_09_4R,9,4R
669,4,4244,鈴木成美,35,静岡,44,B1,4.44,21.43,5.16,32.00,32.46,33.33,2022_2_26_09_4R,9,4R
670,5,4068,幸田智裕,41,静岡,55,B1,5.01,33.65,5.30,32.61,40.17,31.62,2022_2_26_09_4R,9,4R
671,6,4361,柳生泰二,37,山口,54,A1,7.38,60.16,6.63,37.50,29.46,37.96,2022_2_26_09_4R,9,4R
672,1,4263,武重雄介,37,山口,55,A1,6.20,45.83,3.47,13.33,30.63,34.07,2022_2_26_09_5R,9,5R
673,2,3392,小森信雄,56,三重,54,B1,4.38,20.00,4.55,25.44,38.26,33.88,2022_2_26_09_5R,9,5R
674,3,3850,小川知行,49,群馬,52,B1,5.34,35.46,3.26,11.11,33.62,26.37,2022_2_26_09_5R,9,5R
675,4,5144,中尾彩香,20,福岡,49,B2,1.68,1.89,2.00,12.50,27.91,38.79,2022_2_26_09_5R,9,5R
676,5,4215,吉島祥之,37,愛知,54,B1,4.78,27.19,4.90,28.57,47.83,38.82,2022_2_26_09_5R,9,5R
677,6,3968,茶谷信次,45,滋賀,54,B1,5.47,29.36,5.37,35.19,40.37,40.00,2022_2_26_09_5R,9,5R
678,1,3156,金子良昭,57,静岡,54,B1,5.60,40.82,6.14,58.62,25.86,31.25,2022_2_26_09_6R,9,6R
679,2,5041,荒牧凪沙,23,福岡,51,B1,4.04,8.82,0.00,0.00,39.45,33.33,2022_2_26_09_6R,9,6R
680,3,4323,山田佑樹,35,岡山,56,A2,5.58,38.46,4.80,30.00,43.30,38.66,2022_2_26_09_6R,9,6R
681,4,3443,森秋光,52,岡山,53,A2,5.81,39.16,4.33,11.11,26.26,30.70,2022_2_26_09_6R,9,6R
682,5,5122,相馬翔,20,埼玉,56,B1,2.86,11.43,2.76,8.00,31.36,41.96,2022_2_26_09_6R,9,6R
683,6,3995,重野哲之,42,静岡,53,A1,6.20,43.48,7.36,56.60,32.81,38.74,2022_2_26_09_6R,9,6R
684,1,3020,若女井正,61,東京,51,B1,3.38,14.29,3.32,12.90,26.26,27.87,2022_2_26_09_7R,9,7R
685,2,4108,吉村正明,42,山口,51,A1,6.56,52.04,2.50,25.00,41.56,40.21,2022_2_26_09_7R,9,7R
686,3,3075,中村裕将,59,埼玉,53,A2,5.41,38.85,5.65,34.78,49.18,29.81,2022_2_26_09_7R,9,7R
687,4,3823,本部真吾,49,三重,58,B1,5.52,36.61,4.82,28.99,27.72,24.03,2022_2_26_09_7R,9,7R
688,5,4854,大橋由珠,26,東京,46,B1,4.33,22.22,3.04,4.00,36.89,38.10,2022_2_26_09_7R,9,7R
689,6,3566,川添英正,51,福岡,52,A2,5.23,33.91,0.00,0.00,31.69,35.25,2022_2_26_09_7R,9,7R
690,1,4594,谷川祐一,40,滋賀,53,B1,6.09,43.12,6.63,54.17,30.65,33.08,2022_2_26_09_8R,9,8R
691,2,4781,西舘果里,35,東京,52,B1,4.83,21.69,5.67,33.33,26.32,37.70,2022_2_26_09_8R,9,8R
692,3,4203,小倉康典,39,群馬,54,B1,4.50,27.66,4.68,30.19,26.62,37.00,2022_2_26_09_8R,9,8R
693,4,4398,船岡洋一,35,広島,54,A1,7.13,50.89,6.00,38.46,33.02,26.67,2022_2_26_09_8R,9,8R
694,5,5180,藤本紗弥,24,山口,47,B2,1.70,0.00,0.00,0.00,34.83,37.38,2022_2_26_09_8R,9,8R
695,6,4292,麻生慎介,36,広島,51,A1,5.90,41.43,0.00,0.00,34.68,27.34,2022_2_26_09_8R,9,8R
696,1,3880,浅見宗孝,49,埼玉,55,A2,5.38,31.21,3.88,16.00,33.33,22.77,2022_2_26_09_9R,9,9R
697,2,5144,中尾彩香,20,福岡,49,B2,1.68,1.89,2.00,12.50,27.91,38.79,2022_2_26_09_9R,9,9R
698,3,3999,大瀧明日,42,愛知,46,A2,6.24,41.73,5.83,31.03,42.47,30.10,2022_2_26_09_9R,9,9R
699,4,4361,柳生泰二,37,山口,54,A1,7.38,60.16,6.63,37.50,29.46,37.96,2022_2_26_09_9R,9,9R
700,5,3859,多羅尾達,48,東京,52,B1,4.43,21.05,3.92,15.38,48.21,28.70,2022_2_26_09_9R,9,9R
701,6,5013,山下夏鈴,24,三重,45,B1,5.16,35.90,3.99,24.21,30.00,34.69,2022_2_26_09_9R,9,9R
702,1,4218,吉川喜継,40,滋賀,51,A2,6.35,45.86,6.77,53.33,27.03,32.98,2022_2_26_09_10R,9,10R
703,2,4244,鈴木成美,35,静岡,44,B1,4.44,21.43,5.16,32.00,32.46,33.33,2022_2_26_09_10R,9,10R
704,3,4439,近藤友宝,35,埼玉,56,B1,4.35,25.66,4.04,23.08,34.41,32.82,2022_2_26_09_10R,9,10R
705,4,3995,重野哲之,42,静岡,53,A1,6.20,43.48,7.36,56.60,32.81,38.74,2022_2_26_09_10R,9,10R
706,5,4239,竹田辰也,38,山口,53,A1,6.81,43.52,0.00,0.00,32.39,35.38,2022_2_26_09_10R,9,10R
707,6,4215,吉島祥之,37,愛知,54,B1,4.78,27.19,4.90,28.57,47.83,38.82,2022_2_26_09_10R,9,10R
708,1,4754,松尾充,33,三重,50,A2,5.55,37.74,6.15,45.51,38.57,36.73,2022_2_26_09_11R,9,11R
709,2,4798,浜先真範,28,広島,53,A1,6.03,40.68,2.88,0.00,29.36,30.63,2022_2_26_09_11R,9,11R
710,3,4062,後藤陽介,42,愛知,57,B1,4.83,27.64,5.43,37.74,32.85,36.69,2022_2_26_09_11R,9,11R
711,4,4323,山田佑樹,35,岡山,56,A2,5.58,38.46,4.80,30.00,43.30,38.66,2022_2_26_09_11R,9,11R
712,5,4263,武重雄介,37,山口,55,A1,6.20,45.83,3.47,13.33,30.63,34.07,2022_2_26_09_11R,9,11R
713,6,4068,幸田智裕,41,静岡,55,B1,5.01,33.65,5.30,32.61,40.17,31.62,2022_2_26_09_11R,9,11R
714,1,4398,船岡洋一,35,広島,54,A1,7.13,50.89,6.00,38.46,33.02,26.67,2022_2_26_09_12R,9,12R
715,2,3075,中村裕将,59,埼玉,53,A2,5.41,38.85,5.65,34.78,49.18,29.81,2022_2_26_09_12R,9,12R
716,3,3920,正木聖賢,47,広島,53,A1,6.85,56.39,6.37,51.85,39.05,36.97,2022_2_26_09_12R,9,12R
717,4,3968,茶谷信次,45,滋賀,54,B1,5.47,29.36,5.37,35.19,40.37,40.00,2022_2_26_09_12R,9,12R
718,5,3443,森秋光,52,岡山,53,A2,5.81,39.16,4.33,11.11,26.26,30.70,2022_2_26_09_12R,9,12R
719,6,3385,渡邉睦広,52,東京,52,A2,5.82,42.65,5.36,36.17,25.95,30.00,2022_2_26_09_12R,9,12R
720,1,3295,濱村芳宏,55,徳島,52,B1,5.03,31.46,6.64,54.55,33.33,27.70,2022_2_26_08_1R,8,1R
721,2,3939,渡辺真至,44,愛知,54,A2,5.73,35.71,6.70,50.45,21.15,29.69,2022_2_26_08_1R,8,1R
722,3,3660,長谷川親,52,香川,59,B1,4.13,15.45,2.55,0.00,26.79,36.30,2022_2_26_08_1R,8,1R
723,4,4660,宇田川信,30,東京,54,B1,4.16,16.49,3.81,14.29,26.79,34.07,2022_2_26_08_1R,8,1R
724,5,4015,前野竜一,42,山口,59,A1,6.77,45.99,0.00,0.00,24.49,41.18,2022_2_26_08_1R,8,1R
725,6,4177,萬正嗣,39,群馬,57,B1,5.15,32.95,4.76,27.59,26.32,30.92,2022_2_26_08_1R,8,1R
726,1,3699,富永正人,49,埼玉,55,B1,5.14,34.00,4.58,18.42,41.38,33.33,2022_2_26_08_2R,8,2R
727,2,3488,柳田英明,54,東京,52,B1,4.58,29.25,4.97,35.90,39.66,31.75,2022_2_26_08_2R,8,2R
728,3,4113,木村浩士,41,群馬,56,B1,5.49,34.75,6.13,42.55,30.51,38.69,2022_2_26_08_2R,8,2R
729,4,4772,石丸海渡,28,香川,57,A1,6.69,48.78,7.57,71.43,32.69,30.08,2022_2_26_08_2R,8,2R
730,5,4429,豊田泰洋,36,広島,60,B1,4.06,23.86,3.24,5.88,25.49,29.32,2022_2_26_08_2R,8,2R
731,6,3957,大谷直弘,44,愛知,54,A2,5.68,39.09,4.78,27.45,20.00,24.62,2022_2_26_08_2R,8,2R
732,1,4359,横川聖志,37,徳島,56,A2,5.46,35.20,4.77,38.46,36.21,33.77,2022_2_26_08_3R,8,3R
733,2,4260,中越博紀,37,香川,53,A2,5.10,34.82,0.00,0.00,45.31,29.77,2022_2_26_08_3R,8,3R
734,3,3310,金澤一洋,58,群馬,52,B1,3.61,4.21,4.12,17.65,42.86,26.56,2022_2_26_08_3R,8,3R
735,4,3981,今坂晃広,44,静岡,53,B2,5.24,35.90,5.16,33.33,30.19,35.57,2022_2_26_08_3R,8,3R
736,5,3852,澤大介,49,三重,52,B2,5.29,31.17,3.52,7.41,29.82,27.35,2022_2_26_08_3R,8,3R
737,6,3022,西山昇一,61,愛知,54,A1,6.47,50.00,5.87,39.26,26.53,30.51,2022_2_26_08_3R,8,3R
738,1,4142,平野和明,40,愛知,54,A2,6.00,41.07,6.01,40.20,36.36,26.32,2022_2_26_08_4R,8,4R
739,2,4432,黄金井力,35,埼玉,56,B1,5.10,30.00,5.19,33.33,27.27,31.47,2022_2_26_08_4R,8,4R
740,3,3442,宮武英司,52,香川,55,A2,5.42,31.58,7.00,50.00,29.82,38.41,2022_2_26_08_4R,8,4R
741,4,5169,堀本翔太,21,愛知,50,B1,2.79,8.16,2.92,3.85,44.44,23.02,2022_2_26_08_4R,8,4R
742,5,5010,宇留田翔,24,三重,55,B1,4.05,18.48,3.87,15.38,18.87,28.57,2022_2_26_08_4R,8,4R
743,6,3743,林美憲,47,徳島,52,A1,7.45,61.47,7.25,62.50,41.43,33.33,2022_2_26_08_4R,8,4R
744,1,3711,江本真治,47,山口,55,A1,6.71,48.97,6.48,52.00,39.58,29.25,2022_2_26_08_5R,8,5R
745,2,3583,齋藤智裕,49,埼玉,61,B1,4.68,25.71,4.05,24.39,56.45,31.78,2022_2_26_08_5R,8,5R
746,3,4434,田中辰彦,35,広島,54,A1,6.21,45.11,5.40,30.00,29.03,51.06,2022_2_26_08_5R,8,5R
747,4,5128,坪井爽佑,25,三重,56,B1,2.40,8.00,1.14,0.00,34.78,36.05,2022_2_26_08_5R,8,5R
748,5,4516,野口勝弘,35,愛知,49,B1,6.00,41.67,5.36,21.43,24.24,35.33,2022_2_26_08_5R,8,5R
749,6,3990,芹澤克彦,43,静岡,53,A2,4.37,31.37,5.81,33.33,20.00,27.27,2022_2_26_08_5R,8,5R
750,1,4852,川原祐明,27,香川,51,A2,6.01,41.79,5.13,34.78,51.72,36.00,2022_2_26_08_6R,8,6R
751,2,2841,吉田稔,65,群馬,54,B1,4.67,26.39,4.86,35.71,36.21,36.77,2022_2_26_08_6R,8,6R
752,3,4526,池田雄祐,33,愛知,52,A2,5.76,35.24,5.77,37.63,39.66,28.13,2022_2_26_08_6R,8,6R
753,4,3839,川合理司,46,静岡,62,B1,4.51,25.83,4.29,25.33,37.10,47.14,2022_2_26_08_6R,8,6R
754,5,3660,長谷川親,52,香川,59,B1,4.13,15.45,2.55,0.00,26.79,36.30,2022_2_26_08_6R,8,6R
755,6,4237,大峯豊,38,山口,54,A1,6.61,46.03,4.43,14.29,6.00,33.86,2022_2_26_08_6R,8,6R
756,1,3478,嶋田貴支,51,香川,52,A2,5.40,30.59,4.45,18.18,50.79,26.47,2022_2_26_08_7R,8,7R
757,2,4660,宇田川信,30,東京,54,B1,4.16,16.49,3.81,14.29,26.79,34.07,2022_2_26_08_7R,8,7R
758,3,3372,加藤雅之,55,広島,52,B1,3.78,20.37,4.79,28.57,31.58,25.00,2022_2_26_08_7R,8,7R
759,4,4492,本多宏和,35,愛知,51,A1,7.13,57.50,7.09,58.72,27.12,25.42,2022_2_26_08_7R,8,7R
760,5,4359,横川聖志,37,徳島,56,A2,5.46,35.20,4.77,38.46,36.21,33.77,2022_2_26_08_7R,8,7R
761,6,4113,木村浩士,41,群馬,56,B1,5.49,34.75,6.13,42.55,30.51,38.69,2022_2_26_08_7R,8,7R
762,1,4016,西川新太,42,愛知,54,A2,5.36,30.43,6.14,46.15,42.19,40.71,2022_2_26_08_8R,8,8R
763,2,3596,河上年昭,52,埼玉,54,B1,4.11,15.65,4.09,21.74,22.41,33.09,2022_2_26_08_8R,8,8R
764,3,4177,萬正嗣,39,群馬,57,B1,5.15,32.95,4.76,27.59,26.32,30.92,2022_2_26_08_8R,8,8R
765,4,4739,中村晃朋,30,香川,52,A1,6.86,44.54,5.00,27.27,36.21,37.67,2022_2_26_08_8R,8,8R
766,5,4641,磯村匠,30,東京,50,B2,4.73,28.77,4.78,33.33,28.00,21.90,2022_2_26_08_8R,8,8R
767,6,4260,中越博紀,37,香川,53,A2,5.10,34.82,0.00,0.00,45.31,29.77,2022_2_26_08_8R,8,8R
768,1,3939,渡辺真至,44,愛知,54,A2,5.73,35.71,6.70,50.45,21.15,29.69,2022_2_26_08_9R,8,9R
769,2,3852,澤大介,49,三重,52,B2,5.29,31.17,3.52,7.41,29.82,27.35,2022_2_26_08_9R,8,9R
770,3,3990,芹澤克彦,43,静岡,53,A2,4.37,31.37,5.81,33.33,20.00,27.27,2022_2_26_08_9R,8,9R
771,4,3699,富永正人,49,埼玉,55,B1,5.14,34.00,4.58,18.42,41.38,33.33,2022_2_26_08_9R,8,9R
772,5,4228,吉田慎二,38,愛知,58,B1,5.14,36.00,5.74,43.75,35.09,40.14,2022_2_26_08_9R,8,9R
773,6,3442,宮武英司,52,香川,55,A2,5.42,31.58,7.00,50.00,29.82,38.41,2022_2_26_08_9R,8,9R
774,1,4772,石丸海渡,28,香川,57,A1,6.69,48.78,7.57,71.43,32.69,30.08,2022_2_26_08_10R,8,10R
775,2,4142,平野和明,40,愛知,54,A2,6.00,41.07,6.01,40.20,36.36,26.32,2022_2_26_08_10R,8,10R
776,3,3583,齋藤智裕,49,埼玉,61,B1,4.68,25.71,4.05,24.39,56.45,31.78,2022_2_26_08_10R,8,10R
777,4,3295,濱村芳宏,55,徳島,52,B1,5.03,31.46,6.64,54.55,33.33,27.70,2022_2_26_08_10R,8,10R
778,5,3310,金澤一洋,58,群馬,52,B1,3.61,4.21,4.12,17.65,42.86,26.56,2022_2_26_08_10R,8,10R
779,6,4526,池田雄祐,33,愛知,52,A2,5.76,35.24,5.77,37.63,39.66,28.13,2022_2_26_08_10R,8,10R
780,1,4015,前野竜一,42,山口,59,A1,6.77,45.99,0.00,0.00,24.49,41.18,2022_2_26_08_11R,8,11R
781,2,5010,宇留田翔,24,三重,55,B1,4.05,18.48,3.87,15.38,18.87,28.57,2022_2_26_08_11R,8,11R
782,3,3957,大谷直弘,44,愛知,54,A2,5.68,39.09,4.78,27.45,20.00,24.62,2022_2_26_08_11R,8,11R
783,4,4852,川原祐明,27,香川,51,A2,6.01,41.79,5.13,34.78,51.72,36.00,2022_2_26_08_11R,8,11R
784,5,3981,今坂晃広,44,静岡,53,B2,5.24,35.90,5.16,33.33,30.19,35.57,2022_2_26_08_11R,8,11R
785,6,4434,田中辰彦,35,広島,54,A1,6.21,45.11,5.40,30.00,29.03,51.06,2022_2_26_08_11R,8,11R
786,1,4492,本多宏和,35,愛知,51,A1,7.13,57.50,7.09,58.72,27.12,25.42,2022_2_26_08_12R,8,12R
787,2,3743,林美憲,47,徳島,52,A1,7.45,61.47,7.25,62.50,41.43,33.33,2022_2_26_08_12R,8,12R
788,3,3022,西山昇一,61,愛知,54,A1,6.47,50.00,5.87,39.26,26.53,30.51,2022_2_26_08_12R,8,12R
789,4,4237,大峯豊,38,山口,54,A1,6.61,46.03,4.43,14.29,6.00,33.86,2022_2_26_08_12R,8,12R
790,5,3711,江本真治,47,山口,55,A1,6.71,48.97,6.48,52.00,39.58,29.25,2022_2_26_08_12R,8,12R
791,6,4739,中村晃朋,30,香川,52,A1,6.86,44.54,5.00,27.27,36.21,37.67,2022_2_26_08_12R,8,12R
792,1,4367,山口修路,36,福岡,51,B1,3.66,8.00,5.67,26.67,37.14,32.89,2022_2_26_05_1R,5,1R
793,2,5044,渡邉健,22,東京,56,B1,4.39,23.60,4.28,24.84,35.29,28.03,2022_2_26_05_1R,5,1R
794,3,4092,岡部大輔,41,佐賀,53,A2,6.26,50.33,5.86,33.33,35.80,37.42,2022_2_26_05_1R,5,1R
795,4,4633,森智也,32,兵庫,50,A2,5.37,31.90,5.28,28.21,30.95,29.34,2022_2_26_05_1R,5,1R
796,5,4930,佐藤悠,26,福井,54,B1,5.22,34.15,4.78,30.43,37.28,36.75,2022_2_26_05_1R,5,1R
797,6,5090,生方靖亜,21,群馬,53,B1,4.20,19.23,2.86,5.41,36.36,31.33,2022_2_26_05_1R,5,1R
798,1,3123,中西宏文,59,滋賀,51,B1,3.90,16.85,3.44,22.22,46.70,39.76,2022_2_26_05_2R,5,2R
799,2,4272,大場広孝,39,福岡,58,B1,5.65,36.36,5.61,38.89,35.68,29.49,2022_2_26_05_2R,5,2R
800,3,3800,牧宏次,48,東京,53,A2,5.71,42.53,5.95,41.54,33.52,35.98,2022_2_26_05_2R,5,2R
801,4,4531,武富智亮,33,佐賀,53,A2,5.83,41.43,5.88,41.18,31.03,26.71,2022_2_26_05_2R,5,2R
802,5,5220,青木蓮,21,埼玉,51,B2,2.02,0.00,1.93,0.00,32.91,32.74,2022_2_26_05_2R,5,2R
803,6,4648,木村亮太,37,兵庫,53,B1,5.45,33.58,3.63,12.50,37.28,32.12,2022_2_26_05_2R,5,2R
804,1,3973,崎利仁,45,群馬,54,B1,4.14,19.08,4.81,36.11,41.44,26.28,2022_2_26_05_3R,5,3R
805,2,5095,小原聡将,27,東京,53,B2,4.91,24.14,3.25,12.50,27.45,32.14,2022_2_26_05_3R,5,3R
806,3,3997,北村征嗣,42,大阪,53,A1,6.60,49.52,6.89,51.85,33.54,26.06,2022_2_26_05_3R,5,3R
807,4,3784,中島友和,45,佐賀,52,B1,5.40,37.50,0.00,0.00,39.44,49.10,2022_2_26_05_3R,5,3R
808,5,3445,加藤高史,52,埼玉,53,A2,6.17,42.15,5.85,37.97,44.44,26.53,2022_2_26_05_3R,5,3R
809,6,4253,西川真人,38,滋賀,56,B1,4.52,23.68,0.00,0.00,40.43,37.35,2022_2_26_05_3R,5,3R
810,1,3607,原田智和,50,大阪,52,B1,4.67,22.79,5.57,38.64,29.22,30.30,2022_2_26_05_4R,5,4R
811,2,3159,江口晃生,57,群馬,54,A1,7.95,68.75,8.08,68.42,34.52,30.61,2022_2_26_05_4R,5,4R
812,3,4122,安東幸治,40,福岡,56,B1,5.22,36.97,5.14,42.86,27.81,32.21,2022_2_26_05_4R,5,4R
813,4,4213,重富伸也,37,長崎,55,B1,4.03,16.67,4.78,33.33,44.07,26.67,2022_2_26_05_4R,5,4R
814,5,5175,島崎丈一,18,東京,54,B2,1.65,1.92,1.24,0.00,46.86,29.70,2022_2_26_05_4R,5,4R
815,6,4448,青木玄太,35,滋賀,52,A1,6.86,52.89,5.78,44.44,37.77,36.97,2022_2_26_05_4R,5,4R
816,1,3419,栗原謙治,52,群馬,56,B1,4.48,20.75,4.21,21.43,27.81,29.25,2022_2_26_05_5R,5,5R
817,2,3783,瓜生正義,45,福岡,51,A1,7.94,55.00,9.13,75.00,36.69,32.12,2022_2_26_05_5R,5,5R
818,3,4367,山口修路,36,福岡,51,B1,3.66,8.00,5.67,26.67,37.14,32.89,2022_2_26_05_5R,5,5R
819,4,3838,伊藤啓三,46,埼玉,52,A2,5.70,36.07,6.56,47.46,40.34,34.52,2022_2_26_05_5R,5,5R
820,5,5126,山下大輝,25,兵庫,51,B1,3.21,13.53,0.00,0.00,35.26,28.38,2022_2_26_05_5R,5,5R
821,6,5075,中島秀治,26,滋賀,54,B1,5.81,39.36,0.00,0.00,34.10,33.33,2022_2_26_05_5R,5,5R
822,1,3777,樋口亮,46,長崎,53,A2,5.48,35.14,5.13,23.33,35.26,22.00,2022_2_26_05_6R,5,6R
823,2,4144,石塚久也,40,埼玉,54,A1,6.71,54.37,6.51,47.17,48.88,26.00,2022_2_26_05_6R,5,6R
824,3,3123,中西宏文,59,滋賀,51,B1,3.90,16.85,3.44,22.22,46.70,39.76,2022_2_26_05_6R,5,6R
825,4,5044,渡邉健,22,東京,56,B1,4.39,23.60,4.28,24.84,35.29,28.03,2022_2_26_05_6R,5,6R
826,5,3951,石川吉鎬,45,大阪,56,A2,5.57,35.25,4.67,11.11,35.63,36.81,2022_2_26_05_6R,5,6R
827,6,4942,柴田朋哉,31,福岡,52,B1,4.31,23.61,0.00,0.00,37.71,36.36,2022_2_26_05_6R,5,6R
828,1,3997,北村征嗣,42,大阪,53,A1,6.60,49.52,6.89,51.85,33.54,26.06,2022_2_26_05_7R,5,7R
829,2,5090,生方靖亜,21,群馬,53,B1,4.20,19.23,2.86,5.41,36.36,31.33,2022_2_26_05_7R,5,7R
830,3,4053,芦澤望,44,東京,55,B2,6.76,51.25,6.22,48.65,35.75,32.10,2022_2_26_05_7R,5,7R
831,4,4463,三苫晃幸,35,福岡,54,A2,6.22,47.10,7.40,50.00,37.58,33.93,2022_2_26_05_7R,5,7R
832,5,3635,石田政吾,51,福井,53,A2,6.13,45.83,5.81,42.86,34.39,30.30,2022_2_26_05_7R,5,7R
833,6,5220,青木蓮,21,埼玉,51,B2,2.02,0.00,1.93,0.00,32.91,32.74,2022_2_26_05_7R,5,7R
834,1,3445,加藤高史,52,埼玉,53,A2,6.17,42.15,5.85,37.97,44.44,26.53,2022_2_26_05_8R,5,8R
835,2,4468,大池佑来,35,東京,52,A1,6.78,51.92,6.72,45.07,38.24,30.72,2022_2_26_05_8R,5,8R
836,3,4648,木村亮太,37,兵庫,53,B1,5.45,33.58,3.63,12.50,37.28,32.12,2022_2_26_05_8R,5,8R
837,4,4930,佐藤悠,26,福井,54,B1,5.22,34.15,4.78,30.43,37.28,36.84,2022_2_26_05_8R,5,8R
838,5,4213,重富伸也,37,長崎,55,B1,4.03,16.67,4.78,33.33,44.07,26.67,2022_2_26_05_8R,5,8R
839,6,4504,前田将太,33,福岡,54,A1,7.43,58.73,0.00,0.00,33.33,27.59,2022_2_26_05_8R,5,8R
840,1,4092,岡部大輔,41,佐賀,53,A2,6.26,50.33,5.86,33.33,35.80,37.42,2022_2_26_05_9R,5,9R
841,2,3973,崎利仁,45,群馬,54,B1,4.14,19.08,4.81,36.11,41.44,26.28,2022_2_26_05_9R,5,9R
842,3,3290,倉谷和信,58,大阪,55,A2,5.67,39.66,6.48,39.13,40.11,30.12,2022_2_26_05_9R,5,9R
843,4,4684,楠原翔太,31,福岡,55,B1,5.39,35.29,5.56,44.44,33.73,22.92,2022_2_26_05_9R,5,9R
844,5,5075,中島秀治,26,滋賀,54,B1,5.81,39.36,0.00,0.00,34.10,33.33,2022_2_26_05_9R,5,9R
845,6,4953,尾上雅也,27,埼玉,54,A2,5.31,33.33,4.42,27.27,44.04,40.00,2022_2_26_05_9R,5,9R
846,1,3838,伊藤啓三,46,埼玉,52,A2,5.70,36.07,6.56,47.46,40.34,34.52,2022_2_26_05_10R,5,10R
847,2,3607,原田智和,50,大阪,52,B1,4.67,22.79,5.57,38.64,29.22,30.30,2022_2_26_05_10R,5,10R
848,3,3777,樋口亮,46,長崎,53,A2,5.48,35.14,5.13,23.33,35.26,22.00,2022_2_26_05_10R,5,10R
849,4,4272,大場広孝,39,福岡,58,B1,5.65,36.36,5.61,38.89,35.68,29.49,2022_2_26_05_10R,5,10R
850,5,5095,小原聡将,27,東京,53,B2,4.91,24.14,3.25,12.50,27.45,32.14,2022_2_26_05_10R,5,10R
851,6,4633,森智也,32,兵庫,50,A2,5.37,31.90,5.28,28.21,30.95,29.34,2022_2_26_05_10R,5,10R
852,1,3903,白石健,44,兵庫,53,A1,6.93,54.92,6.67,54.17,28.30,28.26,2022_2_26_05_11R,5,11R
853,2,4463,三苫晃幸,35,福岡,54,A2,6.22,47.10,7.40,50.00,37.58,33.93,2022_2_26_05_11R,5,11R
854,3,3419,栗原謙治,52,群馬,56,B1,4.48,20.75,4.21,21.43,27.81,29.25,2022_2_26_05_11R,5,11R
855,4,3951,石川吉鎬,45,大阪,56,A2,5.57,35.25,4.67,11.11,35.63,36.81,2022_2_26_05_11R,5,11R
856,5,3800,牧宏次,48,東京,53,A2,5.71,42.53,5.95,41.54,33.52,35.98,2022_2_26_05_11R,5,11R
857,6,4122,安東幸治,40,福岡,56,B1,5.22,36.97,5.14,42.86,27.81,32.21,2022_2_26_05_11R,5,11R
858,1,3783,瓜生正義,45,福岡,51,A1,7.94,55.00,9.13,75.00,36.69,32.12,2022_2_26_05_12R,5,12R
859,2,3635,石田政吾,51,福井,53,A2,6.13,45.83,5.81,42.86,34.39,30.30,2022_2_26_05_12R,5,12R
860,3,4448,青木玄太,35,滋賀,52,A1,6.86,52.89,5.78,44.44,37.77,36.97,2022_2_26_05_12R,5,12R
861,4,4468,大池佑来,35,東京,52,A1,6.78,51.92,6.72,45.07,38.24,30.72,2022_2_26_05_12R,5,12R
862,5,4144,石塚久也,40,埼玉,54,A1,6.71,54.37,6.51,47.17,48.88,26.00,2022_2_26_05_12R,5,12R
863,6,4531,武富智亮,33,佐賀,53,A2,5.83,41.43,5.88,41.18,31.03,26.71,2022_2_26_05_12R,5,12R
864,1,3947,寺本昇平,46,群馬,49,B1,4.83,25.00,4.53,19.44,34.51,35.25,2022_2_26_04_1R,4,1R
865,2,4000,松本博昭,45,広島,53,A2,5.98,38.97,6.06,41.18,30.34,44.27,2022_2_26_04_1R,4,1R
866,3,4887,富澤祐作,35,群馬,56,B1,4.62,26.76,4.21,28.57,26.81,31.03,2022_2_26_04_1R,4,1R
867,4,3175,渡辺千草,58,東京,47,B1,5.51,32.43,5.48,38.71,32.14,36.13,2022_2_26_04_1R,4,1R
868,5,5061,中村駿平,24,愛知,52,B1,3.92,20.56,1.75,0.00,28.15,37.50,2022_2_26_04_1R,4,1R
869,6,3207,田村美和,56,東京,53,B1,4.20,21.05,4.90,25.42,44.44,27.42,2022_2_26_04_1R,4,1R
870,1,4627,藤原菜希,35,東京,47,B1,5.70,39.19,7.13,53.85,39.57,34.69,2022_2_26_04_2R,4,2R
871,2,5066,鈴木孝明,23,埼玉,53,B1,4.85,21.54,2.35,2.50,26.81,43.59,2022_2_26_04_2R,4,2R
872,3,4298,宮下元胤,39,愛知,53,A1,6.09,40.65,6.67,66.67,26.06,27.03,2022_2_26_04_2R,4,2R
873,4,4797,中山将,30,三重,57,A2,5.76,39.78,5.63,42.11,27.34,23.73,2022_2_26_04_2R,4,2R
874,5,5171,清水未唯,21,滋賀,50,B1,2.30,0.00,2.63,12.50,46.31,40.65,2022_2_26_04_2R,4,2R
875,6,4090,中村尊,41,埼玉,54,A2,6.31,48.39,6.72,48.84,25.00,28.36,2022_2_26_04_2R,4,2R
876,1,4995,田邉亮蔵,30,東京,55,B1,4.99,22.50,3.86,20.00,37.32,30.66,2022_2_26_04_3R,4,3R
877,2,3563,堤昇,52,静岡,53,A2,5.27,32.37,5.47,31.58,28.06,30.71,2022_2_26_04_3R,4,3R
878,3,3441,土屋太朗,52,群馬,54,B1,5.56,38.69,5.50,37.50,40.00,24.44,2022_2_26_04_3R,4,3R
879,4,3573,前本泰和,49,広島,51,A1,7.57,52.43,7.88,39.02,34.97,25.37,2022_2_26_04_3R,4,3R
880,5,5188,武井莉里,21,兵庫,46,B2,1.93,1.25,0.00,0.00,41.96,34.00,2022_2_26_04_3R,4,3R
881,6,3066,田中定雄,62,埼玉,52,B1,3.85,14.86,3.54,12.50,41.77,39.58,2022_2_26_04_3R,4,3R
882,1,3619,長谷川充,48,群馬,53,B1,5.16,30.53,5.40,29.09,25.71,39.50,2022_2_26_04_4R,4,4R
883,2,4619,伏田裕隆,39,東京,51,B1,5.16,42.62,4.65,30.23,24.06,34.35,2022_2_26_04_4R,4,4R
884,3,4365,盛本真輔,36,兵庫,50,A2,5.70,42.48,5.16,21.05,26.52,39.13,2022_2_26_04_4R,4,4R
885,4,4793,金子萌,31,静岡,51,A1,6.18,46.40,6.11,36.84,25.55,35.95,2022_2_26_04_4R,4,4R
886,5,3612,馬袋義則,49,兵庫,55,A1,6.16,48.59,6.38,52.38,53.74,31.85,2022_2_26_04_4R,4,4R
887,6,5098,大江純,26,愛知,56,B1,2.79,7.79,2.71,14.29,40.85,31.47,2022_2_26_04_4R,4,4R
888,1,3572,安田政彦,50,兵庫,54,A1,6.24,43.75,6.83,55.56,30.14,34.21,2022_2_26_04_5R,4,5R
889,2,3207,田村美和,56,東京,53,B1,4.20,21.05,4.90,25.42,44.44,27.42,2022_2_26_04_5R,4,5R
890,3,5005,石田貴洋,25,埼玉,52,B1,5.44,38.00,4.24,21.74,41.43,20.51,2022_2_26_04_5R,4,5R
891,4,4891,寺島美里,32,東京,47,B1,3.65,13.04,4.78,26.09,26.57,40.15,2022_2_26_04_5R,4,5R
892,5,3857,阿波勝哉,48,東京,55,B1,6.05,38.55,5.57,32.43,27.78,32.12,2022_2_26_04_5R,4,5R
893,6,4752,西尾亮輔,33,愛知,51,B1,4.13,17.76,4.04,17.65,42.25,39.29,2022_2_26_04_5R,4,5R
894,1,4887,富澤祐作,35,群馬,56,B1,4.62,26.76,4.21,28.57,26.81,31.03,2022_2_26_04_6R,4,6R
895,2,3900,香川素子,45,滋賀,48,A1,5.83,34.65,5.09,36.36,35.62,37.41,2022_2_26_04_6R,4,6R
896,3,3630,黒田誠司,52,静岡,53,B1,4.75,26.09,4.41,17.65,28.26,25.87,2022_2_26_04_6R,4,6R
897,4,4270,岸本雄貴,39,三重,63,B1,4.19,25.27,0.00,0.00,33.80,39.72,2022_2_26_04_6R,4,6R
898,5,4033,伊藤将吉,43,静岡,53,A1,6.76,52.63,6.00,41.30,29.29,27.50,2022_2_26_04_6R,4,6R
899,6,3885,久田武,48,愛知,53,A2,5.76,37.12,4.77,23.08,43.79,36.15,2022_2_26_04_6R,4,6R
900,1,4057,松井賢治,43,兵庫,52,A2,5.60,35.48,5.33,33.33,39.16,27.82,2022_2_26_04_7R,4,7R
901,2,3441,土屋太朗,52,群馬,54,B1,5.56,38.69,5.50,37.50,40.00,24.44,2022_2_26_04_7R,4,7R
902,3,5061,中村駿平,24,愛知,52,B1,3.92,20.56,1.75,0.00,28.15,37.50,2022_2_26_04_7R,4,7R
903,4,5171,清水未唯,21,滋賀,50,B1,2.30,0.00,2.63,12.50,46.31,40.65,2022_2_26_04_7R,4,7R
904,5,4040,廣瀬将亨,43,兵庫,58,A1,6.16,43.56,10.13,100.00,25.19,30.87,2022_2_26_04_7R,4,7R
905,6,3987,後藤正宗,43,静岡,53,A2,5.99,37.88,5.74,37.68,37.50,34.11,2022_2_26_04_7R,4,7R
906,1,4401,小林泰,37,東京,54,A1,6.33,44.57,7.04,57.78,36.88,40.14,2022_2_26_04_8R,4,8R
907,2,4581,吉村誠,32,静岡,50,A1,5.47,34.12,6.72,58.00,34.51,35.04,2022_2_26_04_8R,4,8R
908,3,4619,伏田裕隆,39,東京,51,B1,5.16,42.62,4.65,30.23,24.06,34.35,2022_2_26_04_8R,4,8R
909,4,5066,鈴木孝明,23,埼玉,53,B1,4.85,21.54,2.35,2.50,26.81,43.59,2022_2_26_04_8R,4,8R
910,5,3175,渡辺千草,58,東京,47,B1,5.51,32.43,5.48,38.71,32.14,36.13,2022_2_26_04_8R,4,8R
911,6,5188,武井莉里,21,兵庫,46,B2,1.93,1.25,0.00,0.00,41.96,34.00,2022_2_26_04_8R,4,8R
912,1,4002,古結宏,44,兵庫,53,A1,6.41,46.22,7.36,60.61,34.51,22.05,2022_2_26_04_9R,4,9R
913,2,4379,桑島和宏,37,東京,56,A2,6.01,36.84,5.38,36.17,42.36,31.65,2022_2_26_04_9R,4,9R
914,3,4627,藤原菜希,35,東京,47,B1,5.70,39.19,7.13,53.85,39.57,34.69,2022_2_26_04_9R,4,9R
915,4,5098,大江純,26,愛知,56,B1,2.79,7.79,2.71,14.29,40.85,31.47,2022_2_26_04_9R,4,9R
916,5,3572,安田政彦,50,兵庫,54,A1,6.24,43.75,6.83,55.56,30.14,34.21,2022_2_26_04_9R,4,9R
917,6,4000,松本博昭,45,広島,53,A2,5.98,38.97,6.06,41.18,30.34,44.27,2022_2_26_04_9R,4,9R
918,1,4298,宮下元胤,39,愛知,53,A1,6.09,40.65,6.67,66.67,26.06,27.03,2022_2_26_04_10R,4,10R
919,2,3573,前本泰和,49,広島,51,A1,7.57,52.43,7.88,39.02,34.97,25.37,2022_2_26_04_10R,4,10R
920,3,3947,寺本昇平,46,群馬,49,B1,4.83,25.00,4.53,19.44,34.51,35.25,2022_2_26_04_10R,4,10R
921,4,3885,久田武,48,愛知,53,A2,5.76,37.12,4.77,23.08,43.79,36.15,2022_2_26_04_10R,4,10R
922,5,4365,盛本真輔,36,兵庫,50,A2,5.70,42.48,5.16,21.05,26.52,39.13,2022_2_26_04_10R,4,10R
923,6,5005,石田貴洋,25,埼玉,52,B1,5.44,38.00,4.24,21.74,41.43,20.51,2022_2_26_04_10R,4,10R
924,1,4033,伊藤将吉,43,静岡,53,A1,6.76,52.63,6.00,41.30,29.29,27.50,2022_2_26_04_11R,4,11R
925,2,4057,松井賢治,43,兵庫,52,A2,5.60,35.48,5.33,33.33,39.16,27.82,2022_2_26_04_11R,4,11R
926,3,3066,田中定雄,62,埼玉,52,B1,3.85,14.86,3.54,12.50,41.77,39.58,2022_2_26_04_11R,4,11R
927,4,4159,向後龍一,40,埼玉,52,A2,5.78,38.71,5.59,35.14,36.88,32.87,2022_2_26_04_11R,4,11R
928,5,4793,金子萌,31,静岡,51,A1,6.18,46.40,6.11,36.84,25.55,35.95,2022_2_26_04_11R,4,11R
929,6,3857,阿波勝哉,48,東京,55,B1,6.05,38.55,5.57,32.43,27.78,32.12,2022_2_26_04_11R,4,11R
930,1,3612,馬袋義則,49,兵庫,55,A1,6.16,48.59,6.38,52.38,53.74,31.85,2022_2_26_04_12R,4,12R
931,2,3630,黒田誠司,52,静岡,53,B1,4.75,26.09,4.41,17.65,28.26,25.87,2022_2_26_04_12R,4,12R
932,3,4797,中山将,30,三重,57,A2,5.76,39.78,5.63,42.11,27.34,23.73,2022_2_26_04_12R,4,12R
933,4,4581,吉村誠,32,静岡,50,A1,5.47,34.12,6.72,58.00,34.51,35.04,2022_2_26_04_12R,4,12R
934,5,4891,寺島美里,32,東京,47,B1,3.65,13.04,4.78,26.09,26.57,40.15,2022_2_26_04_12R,4,12R
935,6,3563,堤昇,52,静岡,53,A2,5.27,32.37,5.47,31.58,28.06,30.71,2022_2_26_04_12R,4,12R
936,1,5069,山崎小葉,21,群馬,44,B1,3.94,18.18,3.17,11.43,32.43,36.07,2022_2_26_01_1R,1,1R
937,2,4730,土屋実沙,33,静岡,45,A2,5.43,35.42,5.75,45.00,32.50,30.36,2022_2_26_01_1R,1,1R
938,3,4304,藤崎小百,38,福岡,48,A2,6.39,47.06,5.00,22.22,25.71,34.48,2022_2_26_01_1R,1,1R
939,4,5088,高憧四季,22,大阪,46,B1,5.25,33.90,4.33,22.22,48.28,31.15,2022_2_26_01_1R,1,1R
940,5,3618,海野ゆか,48,広島,45,A1,6.59,47.55,0.00,0.00,36.11,32.76,2022_2_26_01_1R,1,1R
941,6,5118,野田なづ,21,佐賀,44,B1,2.79,5.61,2.38,0.00,37.14,48.33,2022_2_26_01_1R,1,1R
942,1,4726,島田なぎ,34,埼玉,44,B1,5.62,33.87,5.21,29.17,27.78,29.17,2022_2_26_01_2R,1,2R
943,2,4758,富樫麗加,32,東京,51,A2,5.51,40.00,5.29,33.33,23.53,32.81,2022_2_26_01_2R,1,2R
944,3,5174,川井萌,20,静岡,44,B1,2.59,8.82,3.89,0.00,36.11,43.08,2022_2_26_01_2R,1,2R
945,4,4746,大豆生蒼,27,埼玉,50,A2,6.09,49.43,5.07,29.63,47.22,25.00,2022_2_26_01_2R,1,2R
946,5,5056,西岡成美,25,徳島,44,B1,5.17,30.08,3.35,11.54,34.21,32.26,2022_2_26_01_2R,1,2R
947,6,4884,勝浦真帆,26,岡山,47,B1,4.86,29.56,5.78,38.89,51.85,39.66,2022_2_26_01_2R,1,2R
948,1,4590,渡邉優美,29,福岡,49,A1,6.87,54.94,5.95,31.58,34.88,42.59,2022_2_26_01_3R,1,3R
949,2,4878,西岡育未,27,徳島,46,B1,4.85,26.83,0.00,0.00,27.27,22.41,2022_2_26_01_3R,1,3R
950,3,5078,山川波乙,24,三重,45,B1,3.44,16.83,1.53,0.00,28.57,31.48,2022_2_26_01_3R,1,3R
951,4,4519,清水沙樹,35,東京,48,A2,5.67,39.13,6.77,53.85,25.93,46.55,2022_2_26_01_3R,1,3R
952,5,4941,孫崎百世,33,滋賀,46,B1,4.61,23.77,4.86,17.86,39.47,34.62,2022_2_26_01_3R,1,3R
953,6,4909,薮内瑞希,26,岡山,45,B1,5.18,28.33,3.22,11.11,71.05,28.33,2022_2_26_01_3R,1,3R
954,1,4313,西村美智,37,香川,49,A1,6.42,44.44,6.53,44.74,36.11,31.75,2022_2_26_01_4R,1,4R
955,2,4714,喜多須杏,31,徳島,47,B1,5.27,29.46,5.75,43.75,28.57,28.81,2022_2_26_01_4R,1,4R
956,3,4464,山下友貴,35,静岡,43,A2,5.89,40.74,5.91,36.36,29.27,38.10,2022_2_26_01_4R,1,4R
957,4,4611,今井美亜,31,福井,47,B1,5.36,34.23,3.93,20.00,25.00,38.98,2022_2_26_01_4R,1,4R
958,5,4882,瀧川千依,26,広島,47,A2,4.61,19.35,0.00,0.00,39.13,31.25,2022_2_26_01_4R,1,4R
959,6,4773,中川りな,28,福岡,50,A1,6.25,43.65,4.33,22.22,33.33,30.16,2022_2_26_01_4R,1,4R
960,1,4478,櫻本あゆ,34,群馬,50,A1,5.80,42.70,5.83,50.00,31.82,28.57,2022_2_26_01_5R,1,5R
961,2,4045,佐々木裕,42,山口,46,B1,4.73,33.87,4.79,21.05,25.00,33.33,2022_2_26_01_5R,1,5R
962,3,4433,川野芽唯,35,福岡,46,A2,5.90,47.93,7.50,70.00,44.74,40.00,2022_2_26_01_5R,1,5R
963,4,5069,山崎小葉,21,群馬,44,B1,3.94,18.18,3.17,11.43,32.43,36.07,2022_2_26_01_5R,1,5R
964,5,4998,中村かな,28,東京,46,A2,6.45,45.00,4.17,12.50,32.43,38.71,2022_2_26_01_5R,1,5R
965,6,4963,實森美祐,25,広島,45,A1,5.45,34.62,3.00,0.00,33.33,37.29,2022_2_26_01_5R,1,5R
966,1,4387,平山智加,36,香川,46,A1,7.20,50.78,0.00,0.00,25.00,37.50,2022_2_26_01_6R,1,6R
967,2,5056,西岡成美,25,徳島,44,B1,5.17,30.08,3.35,11.54,34.21,32.26,2022_2_26_01_6R,1,6R
968,3,5118,野田なづ,21,佐賀,44,B1,2.79,5.61,2.38,0.00,37.14,48.33,2022_2_26_01_6R,1,6R
969,4,4758,富樫麗加,32,東京,51,A2,5.51,40.00,5.29,33.33,23.53,32.81,2022_2_26_01_6R,1,6R
970,5,5088,高憧四季,22,大阪,46,B1,5.25,33.90,4.33,22.22,48.28,31.15,2022_2_26_01_6R,1,6R
971,6,4117,廣中智紗,41,東京,45,A1,6.59,51.49,7.20,58.70,32.43,44.64,2022_2_26_01_6R,1,6R
972,1,3618,海野ゆか,48,広島,45,A1,6.59,47.55,0.00,0.00,36.11,32.76,2022_2_26_01_7R,1,7R
973,2,4884,勝浦真帆,26,岡山,47,B1,4.86,29.56,5.78,38.89,51.85,39.66,2022_2_26_01_7R,1,7R
974,3,4941,孫崎百世,33,滋賀,46,B1,4.61,23.77,4.86,17.86,39.47,34.62,2022_2_26_01_7R,1,7R
975,4,4730,土屋実沙,33,静岡,45,A2,5.43,35.42,5.75,45.00,32.50,30.36,2022_2_26_01_7R,1,7R
976,5,4825,倉持莉々,28,東京,50,A1,6.40,45.24,5.66,31.03,41.67,37.50,2022_2_26_01_7R,1,7R
977,6,5174,川井萌,20,静岡,44,B1,2.59,8.82,3.89,0.00,36.11,43.08,2022_2_26_01_7R,1,7R
978,1,4399,松本晶恵,34,群馬,47,A1,5.98,40.20,7.80,70.27,28.89,42.11,2022_2_26_01_8R,1,8R
979,2,4746,大豆生蒼,27,埼玉,50,A2,6.09,49.43,5.07,29.63,47.22,25.00,2022_2_26_01_8R,1,8R
980,3,4714,喜多須杏,31,徳島,47,B1,5.27,29.46,5.75,43.75,28.57,28.81,2022_2_26_01_8R,1,8R
981,4,4590,渡邉優美,29,福岡,49,A1,6.87,54.94,5.95,31.58,34.88,42.59,2022_2_26_01_8R,1,8R
982,5,4304,藤崎小百,38,福岡,48,A2,6.39,47.06,5.00,22.22,25.71,34.48,2022_2_26_01_8R,1,8R
983,6,5078,山川波乙,24,三重,45,B1,3.44,16.83,1.53,0.00,28.57,31.48,2022_2_26_01_8R,1,8R
984,1,4190,長嶋万記,40,静岡,50,A1,6.24,44.29,6.31,48.28,51.16,47.46,2022_2_26_01_9R,1,9R
985,2,4961,西橋奈未,25,福井,48,A2,6.71,52.83,4.39,22.22,42.86,27.27,2022_2_26_01_9R,1,9R
986,3,4123,細川裕子,40,愛知,47,A1,6.83,53.85,6.83,50.00,31.82,39.34,2022_2_26_01_9R,1,9R
987,4,4183,宇野弥生,35,愛知,46,A2,5.64,39.67,4.11,11.11,32.35,35.00,2022_2_26_01_9R,1,9R
988,5,3188,日高逸子,60,福岡,44,A2,6.29,44.87,6.08,30.77,33.33,33.33,2022_2_26_01_9R,1,9R
989,6,4678,水野望美,33,愛知,47,A2,5.19,35.58,5.81,50.00,46.67,38.10,2022_2_26_01_9R,1,9R
990,1,4804,高田ひか,27,三重,48,A1,6.24,45.61,5.60,36.67,43.18,31.58,2022_2_26_01_10R,1,10R
991,2,4482,守屋美穂,33,岡山,45,A1,7.03,49.66,8.38,50.00,40.00,32.69,2022_2_26_01_10R,1,10R
992,3,3435,寺田千恵,52,岡山,45,A1,6.84,51.56,7.30,59.26,65.91,40.68,2022_2_26_01_10R,1,10R
993,4,4900,中田夕貴,29,埼玉,47,A1,6.16,46.72,5.05,29.27,26.32,36.21,2022_2_26_01_10R,1,10R
994,5,4938,小芦るり,24,佐賀,49,A2,5.78,41.79,0.00,0.00,45.45,36.67,2022_2_26_01_10R,1,10R
995,6,4502,遠藤エミ,34,滋賀,45,A1,6.90,51.52,8.33,66.67,39.39,30.51,2022_2_26_01_10R,1,10R
996,1,4050,田口節子,41,岡山,46,A1,7.78,62.70,7.23,56.67,53.13,23.08,2022_2_26_01_11R,1,11R
997,2,4823,中村桃佳,29,香川,46,A1,6.65,46.34,2.00,0.00,35.14,50.00,2022_2_26_01_11R,1,11R
998,3,4546,浜田亜理,33,埼玉,47,A1,5.94,42.59,4.86,29.55,52.94,56.14,2022_2_26_01_11R,1,11R
999,4,4456,鎌倉涼,32,大阪,44,A1,7.17,56.41,8.22,77.78,52.94,29.51,2022_2_26_01_11R,1,11R
1000,5,4642,松尾夏海,30,香川,47,A1,6.60,53.13,7.25,62.50,32.56,38.46,2022_2_26_01_11R,1,11R
1001,6,4450,平高奈菜,34,香川,46,A1,7.13,48.60,7.71,42.86,32.61,43.75,2022_2_26_01_11R,1,11R
1002,1,4825,倉持莉々,28,東京,50,A1,6.40,45.24,5.66,31.03,41.67,37.50,2022_2_26_01_12R,1,12R
1003,2,4399,松本晶恵,34,群馬,47,A1,5.98,40.20,7.80,70.27,28.89,42.11,2022_2_26_01_12R,1,12R
1004,3,4726,島田なぎ,34,埼玉,44,B1,5.62,33.87,5.21,29.17,27.78,29.17,2022_2_26_01_12R,1,12R
1005,4,4117,廣中智紗,41,東京,45,A1,6.59,51.49,7.20,58.70,32.43,44.64,2022_2_26_01_12R,1,12R
1006,5,4433,川野芽唯,35,福岡,46,A2,5.90,47.93,7.50,70.00,44.74,40.00,2022_2_26_01_12R,1,12R
1007,6,4464,山下友貴,35,静岡,43,A2,5.89,40.74,5.91,36.36,29.27,38.10,2022_2_26_01_12R,1,12R
