,着,艇番,選手登番,選手名,モーター,ボート,展示,進入,スタートタイミング,場所,R,天気,風向,風量,波,日時,3連単_結果,3連単_払戻,3連複_結果,3連複_払戻,2連単_結果,2連単_払戻,2連複_結果,2連複_払戻,RaceID
0,1,1,5055,眞鳥章太,49,14,6.98,1,0.18,24,1R,曇り,南東,1,1,2020_11_6,1-5-4,3490,1-4-5,1470,1-5,920,1-5,520,2020_11_6_24_1R
1,2,5,4674,池田剛規,53,44,6.96,5,0.11,24,1R,曇り,南東,1,1,2020_11_6,1-5-4,3490,1-4-5,1470,1-5,920,1-5,520,2020_11_6_24_1R
2,3,4,3491,富永茂,65,63,6.98,4,0.12,24,1R,曇り,南東,1,1,2020_11_6,1-5-4,3490,1-4-5,1470,1-5,920,1-5,520,2020_11_6_24_1R
3,4,3,3537,田山和広,56,71,6.92,3,0.14,24,1R,曇り,南東,1,1,2020_11_6,1-5-4,3490,1-4-5,1470,1-5,920,1-5,520,2020_11_6_24_1R
4,5,2,3936,三瀬譲,44,74,6.95,2,0.12,24,1R,曇り,南東,1,1,2020_11_6,1-5-4,3490,1-4-5,1470,1-5,920,1-5,520,2020_11_6_24_1R
5,6,6,5124,上瀧絢也,68,11,6.96,6,0.13,24,1R,曇り,南東,1,1,2020_11_6,1-5-4,3490,1-4-5,1470,1-5,920,1-5,520,2020_11_6_24_1R
6,1,1,4969,町田洸希,50,36,6.87,1,0.10,24,2R,曇り,南,2,1,2020_11_6,1-2-5,1500,1-2-5,840,1-2,340,1-2,250,2020_11_6_24_2R
7,2,2,3755,吉村和也,59,28,6.90,2,0.14,24,2R,曇り,南,2,1,2020_11_6,1-2-5,1500,1-2-5,840,1-2,340,1-2,250,2020_11_6_24_2R
8,3,5,4864,小川日紀太,58,24,6.89,5,0.16,24,2R,曇り,南,2,1,2020_11_6,1-2-5,1500,1-2-5,840,1-2,340,1-2,250,2020_11_6_24_2R
9,4,4,3761,山本光雄,62,72,6.96,4,0.13,24,2R,曇り,南,2,1,2020_11_6,1-2-5,1500,1-2-5,840,1-2,340,1-2,250,2020_11_6_24_2R
10,5,3,3567,吉岡誠,16,41,6.99,3,0.13,24,2R,曇り,南,2,1,2020_11_6,1-2-5,1500,1-2-5,840,1-2,340,1-2,250,2020_11_6_24_2R
11,6,6,5142,常住蓮,47,70,6.91,6,0.26,24,2R,曇り,南,2,1,2020_11_6,1-2-5,1500,1-2-5,840,1-2,340,1-2,250,2020_11_6_24_2R
12,1,1,4991,宗行治哉,69,51,6.94,1,0.02,24,3R,曇り,南,2,1,2020_11_6,1-2-3,1200,1-2-3,580,1-2,240,1-2,200,2020_11_6_24_3R
13,2,2,3566,川添英正,63,13,6.98,2,0.07,24,3R,曇り,南,2,1,2020_11_6,1-2-3,1200,1-2-3,580,1-2,240,1-2,200,2020_11_6_24_3R
14,3,3,4495,森晋太郎,19,23,6.95,3,0.13,24,3R,曇り,南,2,1,2020_11_6,1-2-3,1200,1-2-3,580,1-2,240,1-2,200,2020_11_6_24_3R
15,4,6,3568,木村光宏,43,30,6.99,5,0.17,24,3R,曇り,南,2,1,2020_11_6,1-2-3,1200,1-2-3,580,1-2,240,1-2,200,2020_11_6_24_3R
16,5,4,3881,浦上拓也,32,50,6.95,4,0.15,24,3R,曇り,南,2,1,2020_11_6,1-2-3,1200,1-2-3,580,1-2,240,1-2,200,2020_11_6_24_3R
17,6,5,4727,安部慎一,20,61,6.97,6,0.14,24,3R,曇り,南,2,1,2020_11_6,1-2-3,1200,1-2-3,580,1-2,240,1-2,200,2020_11_6_24_3R
18,1,1,4583,古田祐貴,18,64,6.87,1,0.11,24,4R,曇り,南,3,2,2020_11_6,1-2-3,360,1-2-3,220,1-2,150,1-2,140,2020_11_6_24_4R
19,2,2,3462,竹上真司,48,57,6.90,2,0.11,24,4R,曇り,南,3,2,2020_11_6,1-2-3,360,1-2-3,220,1-2,150,1-2,140,2020_11_6_24_4R
20,3,3,3559,水長照雄,26,38,6.90,3,0.17,24,4R,曇り,南,3,2,2020_11_6,1-2-3,360,1-2-3,220,1-2,150,1-2,140,2020_11_6_24_4R
21,4,5,3564,桑原啓,34,75,6.86,4,0.18,24,4R,曇り,南,3,2,2020_11_6,1-2-3,360,1-2-3,220,1-2,150,1-2,140,2020_11_6_24_4R
22,5,6,5121,定松勇樹,46,58,6.92,6,0.15,24,4R,曇り,南,3,2,2020_11_6,1-2-3,360,1-2-3,220,1-2,150,1-2,140,2020_11_6_24_4R
23,6,4,5092,篠原晟弥,74,19,6.97,5,0.13,24,4R,曇り,南,3,2,2020_11_6,1-2-3,360,1-2-3,220,1-2,150,1-2,140,2020_11_6_24_4R
24,1,3,4022,待鳥雄紀,41,48,6.95,3,0.16,24,5R,曇り,南,1,1,2020_11_6,3-1-5,3410,1-3-5,220,3-1,1940,1-3,260,2020_11_6_24_5R
25,2,1,3584,佐々木英樹,21,32,6.96,1,0.16,24,5R,曇り,南,1,1,2020_11_6,3-1-5,3410,1-3-5,220,3-1,1940,1-3,260,2020_11_6_24_5R
26,3,5,4096,石橋道友,57,15,6.90,5,0.22,24,5R,曇り,南,1,1,2020_11_6,3-1-5,3410,1-3-5,220,3-1,1940,1-3,260,2020_11_6_24_5R
27,4,4,3537,田山和広,56,33,6.94,4,0.26,24,5R,曇り,南,1,1,2020_11_6,3-1-5,3410,1-3-5,220,3-1,1940,1-3,260,2020_11_6_24_5R
28,5,6,3561,池田真治,73,22,6.89,6,0.28,24,5R,曇り,南,1,1,2020_11_6,3-1-5,3410,1-3-5,220,3-1,1940,1-3,260,2020_11_6_24_5R
29,6,2,3477,近藤稔也,52,45,6.88,2,0.37,24,5R,曇り,南,1,1,2020_11_6,3-1-5,3410,1-3-5,220,3-1,1940,1-3,260,2020_11_6_24_5R
30,1,1,4102,益田啓司,51,47,6.91,1,0.10,24,6R,曇り,南東,1,1,2020_11_6,1-3-6,10710,1-3-6,6560,1-3,770,1-3,750,2020_11_6_24_6R
31,2,3,4674,池田剛規,53,44,6.96,3,0.14,24,6R,曇り,南東,1,1,2020_11_6,1-3-6,10710,1-3-6,6560,1-3,770,1-3,750,2020_11_6_24_6R
32,3,6,3761,山本光雄,62,72,6.91,6,0.17,24,6R,曇り,南東,1,1,2020_11_6,1-3-6,10710,1-3-6,6560,1-3,770,1-3,750,2020_11_6_24_6R
33,4,2,4241,大串重幸,27,12,6.93,2,0.21,24,6R,曇り,南東,1,1,2020_11_6,1-3-6,10710,1-3-6,6560,1-3,770,1-3,750,2020_11_6_24_6R
34,5,4,3333,丸尾義孝,76,46,6.89,4,0.15,24,6R,曇り,南東,1,1,2020_11_6,1-3-6,10710,1-3-6,6560,1-3,770,1-3,750,2020_11_6_24_6R
35,6,5,4416,三宅健太,23,76,6.90,5,0.16,24,6R,曇り,南東,1,1,2020_11_6,1-3-6,10710,1-3-6,6560,1-3,770,1-3,750,2020_11_6_24_6R
36,1,1,3265,今村暢孝,35,18,6.92,1,0.19,24,7R,曇り,南,1,1,2020_11_6,1-2-3,730,1-2-3,380,1-2,300,1-2,420,2020_11_6_24_7R
37,2,2,3491,富永茂,65,63,6.95,2,0.16,24,7R,曇り,南,1,1,2020_11_6,1-2-3,730,1-2-3,380,1-2,300,1-2,420,2020_11_6_24_7R
38,3,3,3892,草場康幸,39,54,6.92,3,0.13,24,7R,曇り,南,1,1,2020_11_6,1-2-3,730,1-2-3,380,1-2,300,1-2,420,2020_11_6_24_7R
39,4,4,3566,川添英正,63,13,6.96,4,0.18,24,7R,曇り,南,1,1,2020_11_6,1-2-3,730,1-2-3,380,1-2,300,1-2,420,2020_11_6_24_7R
40,5,5,3567,吉岡誠,16,41,7.01,5,0.13,24,7R,曇り,南,1,1,2020_11_6,1-2-3,730,1-2-3,380,1-2,300,1-2,420,2020_11_6_24_7R
41,6,6,5121,定松勇樹,46,58,6.92,6,0.22,24,7R,曇り,南,1,1,2020_11_6,1-2-3,730,1-2-3,380,1-2,300,1-2,420,2020_11_6_24_7R
42,1,1,3961,谷村一哉,25,62,6.91,1,0.13,24,8R,雨,南,1,1,2020_11_6,1-3-4,1900,1-3-4,1280,1-3,490,1-3,570,2020_11_6_24_8R
43,2,3,4727,安部慎一,20,61,6.94,3,0.21,24,8R,雨,南,1,1,2020_11_6,1-3-4,1900,1-3-4,1280,1-3,490,1-3,570,2020_11_6_24_8R
44,3,4,3559,水長照雄,26,38,6.93,4,0.21,24,8R,雨,南,1,1,2020_11_6,1-3-4,1900,1-3-4,1280,1-3,490,1-3,570,2020_11_6_24_8R
45,4,2,3568,木村光宏,43,30,6.97,2,0.21,24,8R,雨,南,1,1,2020_11_6,1-3-4,1900,1-3-4,1280,1-3,490,1-3,570,2020_11_6_24_8R
46,5,5,3936,三瀬譲,44,74,6.92,5,0.21,24,8R,雨,南,1,1,2020_11_6,1-3-4,1900,1-3-4,1280,1-3,490,1-3,570,2020_11_6_24_8R
47,6,6,5092,篠原晟弥,74,19,6.97,6,0.19,24,8R,雨,南,1,1,2020_11_6,1-3-4,1900,1-3-4,1280,1-3,490,1-3,570,2020_11_6_24_8R
48,1,1,4416,三宅健太,23,76,6.91,1,0.11,24,9R,曇り,南,1,1,2020_11_6,1-5-4,4570,1-4-5,1220,1-5,580,1-5,720,2020_11_6_24_9R
49,2,5,3584,佐々木英樹,21,32,6.95,5,0.28,24,9R,曇り,南,1,1,2020_11_6,1-5-4,4570,1-4-5,1220,1-5,580,1-5,720,2020_11_6_24_9R
50,3,4,4864,小川日紀太,58,24,6.94,4,0.21,24,9R,曇り,南,1,1,2020_11_6,1-5-4,4570,1-4-5,1220,1-5,580,1-5,720,2020_11_6_24_9R
51,4,6,3462,竹上真司,48,57,6.91,6,0.29,24,9R,曇り,南,1,1,2020_11_6,1-5-4,4570,1-4-5,1220,1-5,580,1-5,720,2020_11_6_24_9R
52,5,2,3881,浦上拓也,32,31,6.94,2,0.15,24,9R,曇り,南,1,1,2020_11_6,1-5-4,4570,1-4-5,1220,1-5,580,1-5,720,2020_11_6_24_9R
53,6,3,5055,眞鳥章太,49,14,6.94,3,0.24,24,9R,曇り,南,1,1,2020_11_6,1-5-4,4570,1-4-5,1220,1-5,580,1-5,720,2020_11_6_24_9R
54,1,1,3333,丸尾義孝,76,46,6.90,1,0.07,24,10R,曇り,南,1,1,2020_11_6,1-4-3,2530,1-3-4,470,1-4,1000,1-4,920,2020_11_6_24_10R
55,2,4,4022,待鳥雄紀,41,48,6.90,4,0.05,24,10R,曇り,南,1,1,2020_11_6,1-4-3,2530,1-3-4,470,1-4,1000,1-4,920,2020_11_6_24_10R
56,3,3,3265,今村暢孝,35,18,6.89,2,0.11,24,10R,曇り,南,1,1,2020_11_6,1-4-3,2530,1-3-4,470,1-4,1000,1-4,920,2020_11_6_24_10R
57,4,2,4583,古田祐貴,18,64,6.84,3,0.05,24,10R,曇り,南,1,1,2020_11_6,1-4-3,2530,1-3-4,470,1-4,1000,1-4,920,2020_11_6_24_10R
58,5,6,4991,宗行治哉,69,51,6.95,6,0.07,24,10R,曇り,南,1,1,2020_11_6,1-4-3,2530,1-3-4,470,1-4,1000,1-4,920,2020_11_6_24_10R
59,6,5,4241,大串重幸,27,12,6.95,5,0.06,24,10R,曇り,南,1,1,2020_11_6,1-4-3,2530,1-3-4,470,1-4,1000,1-4,920,2020_11_6_24_10R
60,1,1,4096,石橋道友,57,15,6.86,1,0.18,24,11R,雨,東,2,1,2020_11_6,1-2-3,530,1-2-3,340,1-2,180,1-2,150,2020_11_6_24_11R
61,2,2,3961,谷村一哉,25,62,6.94,2,0.15,24,11R,雨,東,2,1,2020_11_6,1-2-3,530,1-2-3,340,1-2,180,1-2,150,2020_11_6_24_11R
62,3,3,3564,桑原啓,34,75,6.88,3,0.12,24,11R,雨,東,2,1,2020_11_6,1-2-3,530,1-2-3,340,1-2,180,1-2,150,2020_11_6_24_11R
63,4,5,3892,草場康幸,39,54,6.90,5,0.17,24,11R,雨,東,2,1,2020_11_6,1-2-3,530,1-2-3,340,1-2,180,1-2,150,2020_11_6_24_11R
64,5,4,4102,益田啓司,51,47,6.90,4,0.11,24,11R,雨,東,2,1,2020_11_6,1-2-3,530,1-2-3,340,1-2,180,1-2,150,2020_11_6_24_11R
65,6,6,4969,町田洸希,50,36,6.88,6,0.23,24,11R,雨,東,2,1,2020_11_6,1-2-3,530,1-2-3,340,1-2,180,1-2,150,2020_11_6_24_11R
66,1,1,4108,吉村正明,72,29,6.88,1,0.08,24,12R,雨,東,2,1,2020_11_6,1-6-5,13810,1-5-6,4800,1-6,1480,1-6,1160,2020_11_6_24_12R
67,2,6,4816,村松修二,64,67,6.85,6,0.16,24,12R,雨,東,2,1,2020_11_6,1-6-5,13810,1-5-6,4800,1-6,1480,1-6,1160,2020_11_6_24_12R
68,3,5,3543,福田雅一,30,43,6.93,5,0.18,24,12R,雨,東,2,1,2020_11_6,1-6-5,13810,1-5-6,4800,1-6,1480,1-6,1160,2020_11_6_24_12R
69,4,4,4099,吉永則雄,12,68,6.86,4,0.16,24,12R,雨,東,2,1,2020_11_6,1-6-5,13810,1-5-6,4800,1-6,1480,1-6,1160,2020_11_6_24_12R
70,5,2,3582,吉川昭男,17,27,6.89,2,0.27,24,12R,雨,東,2,1,2020_11_6,1-6-5,13810,1-5-6,4800,1-6,1480,1-6,1160,2020_11_6_24_12R
71,6,3,3849,中岡正彦,40,69,6.87,3,0.21,24,12R,雨,東,2,1,2020_11_6,1-6-5,13810,1-5-6,4800,1-6,1480,1-6,1160,2020_11_6_24_12R
72,1,1,4580,長谷川雅和,59,55,6.88,1,0.13,18,1R,曇り,東,2,2,2020_11_6,1-4-5,1980,1-4-5,1530,1-4,410,1-4,570,2020_11_6_18_1R
73,2,4,4164,岩永節也,31,18,6.91,4,0.13,18,1R,曇り,東,2,2,2020_11_6,1-4-5,1980,1-4-5,1530,1-4,410,1-4,570,2020_11_6_18_1R
74,3,5,4253,西川真人,40,50,6.94,5,0.18,18,1R,曇り,東,2,2,2020_11_6,1-4-5,1980,1-4-5,1530,1-4,410,1-4,570,2020_11_6_18_1R
75,4,3,3587,武田信一,65,39,6.95,3,0.10,18,1R,曇り,東,2,2,2020_11_6,1-4-5,1980,1-4-5,1530,1-4,410,1-4,570,2020_11_6_18_1R
76,5,2,4934,佐々木翔斗,27,67,6.95,2,0.09,18,1R,曇り,東,2,2,2020_11_6,1-4-5,1980,1-4-5,1530,1-4,410,1-4,570,2020_11_6_18_1R
77,6,6,5123,福山恵里奈,37,46,6.99,6,0.16,18,1R,曇り,東,2,2,2020_11_6,1-4-5,1980,1-4-5,1530,1-4,410,1-4,570,2020_11_6_18_1R
78,1,1,4072,森永淳,26,62,6.93,1,0.14,18,2R,曇り,東,2,2,2020_11_6,1-3-6,1240,1-3-6,290,1-3,770,1-3,570,2020_11_6_18_2R
79,2,3,4789,古賀智之,60,17,6.96,3,0.19,18,2R,曇り,東,2,2,2020_11_6,1-3-6,1240,1-3-6,290,1-3,770,1-3,570,2020_11_6_18_2R
80,3,6,4522,古澤光紀,55,60,6.96,4,0.17,18,2R,曇り,東,2,2,2020_11_6,1-3-6,1240,1-3-6,290,1-3,770,1-3,570,2020_11_6_18_2R
81,4,2,3820,樫葉次郎,34,51,7.00,2,0.16,18,2R,曇り,東,2,2,2020_11_6,1-3-6,1240,1-3-6,290,1-3,770,1-3,570,2020_11_6_18_2R
82,5,4,4890,石川諒,30,73,6.98,5,0.16,18,2R,曇り,東,2,2,2020_11_6,1-3-6,1240,1-3-6,290,1-3,770,1-3,570,2020_11_6_18_2R
83,6,5,5014,梶山涼斗,14,22,6.98,6,0.19,18,2R,曇り,東,2,2,2020_11_6,1-3-6,1240,1-3-6,290,1-3,770,1-3,570,2020_11_6_18_2R
84,1,1,4361,柳生泰二,57,34,6.88,1,0.06,18,3R,晴,東,3,3,2020_11_6,1-2-5,840,1-2-5,270,1-2,480,1-2,470,2020_11_6_18_3R
85,2,2,4656,大崎翔,48,27,6.96,2,0.04,18,3R,晴,東,3,3,2020_11_6,1-2-5,840,1-2-5,270,1-2,480,1-2,470,2020_11_6_18_3R
86,3,5,4448,青木玄太,38,65,6.88,5,0.16,18,3R,晴,東,3,3,2020_11_6,1-2-5,840,1-2-5,270,1-2,480,1-2,470,2020_11_6_18_3R
87,4,6,4112,大久保信一郎,67,49,6.97,6,0.21,18,3R,晴,東,3,3,2020_11_6,1-2-5,840,1-2-5,270,1-2,480,1-2,470,2020_11_6_18_3R
88,5,3,4747,山戸信二,58,59,6.95,3,0.04,18,3R,晴,東,3,3,2020_11_6,1-2-5,840,1-2-5,270,1-2,480,1-2,470,2020_11_6_18_3R
89,6,4,5024,古場健也,68,44,6.94,4,0.16,18,3R,晴,東,3,3,2020_11_6,1-2-5,840,1-2-5,270,1-2,480,1-2,470,2020_11_6_18_3R
90,1,1,4544,松田大志郎,54,53,6.89,1,0.16,18,4R,晴,東,2,2,2020_11_6,1-3-2,1180,1-2-3,310,1-3,460,1-3,500,2020_11_6_18_4R
91,2,3,4817,渡邉翼,35,69,7.01,3,0.15,18,4R,晴,東,2,2,2020_11_6,1-3-2,1180,1-2-3,310,1-3,460,1-3,500,2020_11_6_18_4R
92,3,2,3746,岡瀬正人,43,15,7.01,2,0.17,18,4R,晴,東,2,2,2020_11_6,1-3-2,1180,1-2-3,310,1-3,460,1-3,500,2020_11_6_18_4R
93,4,5,4693,松下誉士,15,52,6.96,5,0.22,18,4R,晴,東,2,2,2020_11_6,1-3-2,1180,1-2-3,310,1-3,460,1-3,500,2020_11_6_18_4R
94,5,4,4603,谷川将太,28,74,6.96,4,0.23,18,4R,晴,東,2,2,2020_11_6,1-3-2,1180,1-2-3,310,1-3,460,1-3,500,2020_11_6_18_4R
95,6,6,5026,安河内健,45,28,7.01,6,0.21,18,4R,晴,東,2,2,2020_11_6,1-3-2,1180,1-2-3,310,1-3,460,1-3,500,2020_11_6_18_4R
96,1,6,4530,小野生奈,49,64,6.84,5,0.14,18,5R,晴,南東,3,3,2020_11_6,6-1-4,2920,1-4-6,430,6-1,800,1-6,110,2020_11_6_18_5R
97,2,1,4482,守屋美穂,41,43,6.88,1,0.23,18,5R,晴,南東,3,3,2020_11_6,6-1-4,2920,1-4-6,430,6-1,800,1-6,110,2020_11_6_18_5R
98,3,4,4884,勝浦真帆,42,26,6.95,4,0.22,18,5R,晴,南東,3,3,2020_11_6,6-1-4,2920,1-4-6,430,6-1,800,1-6,110,2020_11_6_18_5R
99,4,3,4014,片岡恵里,47,75,6.94,3,0.15,18,5R,晴,南東,3,3,2020_11_6,6-1-4,2920,1-4-6,430,6-1,800,1-6,110,2020_11_6_18_5R
100,5,2,3943,三松直美,33,37,7.04,2,0.19,18,5R,晴,南東,3,3,2020_11_6,6-1-4,2920,1-4-6,430,6-1,800,1-6,110,2020_11_6_18_5R
101,6,5,5123,福山恵里奈,37,46,7.03,6,0.15,18,5R,晴,南東,3,3,2020_11_6,6-1-4,2920,1-4-6,430,6-1,800,1-6,110,2020_11_6_18_5R
102,1,5,3788,一宮稔弘,61,54,6.97,5,0.09,18,6R,晴,西,1,1,2020_11_6,5-1-3,6970,1-3-5,440,5-1,2520,1-5,470,2020_11_6_18_6R
103,2,1,3901,松田憲幸,29,12,6.97,1,0.15,18,6R,晴,西,1,1,2020_11_6,5-1-3,6970,1-3-5,440,5-1,2520,1-5,470,2020_11_6_18_6R
104,3,3,4632,長尾京志郎,44,29,6.99,3,0.18,18,6R,晴,西,1,1,2020_11_6,5-1-3,6970,1-3-5,440,5-1,2520,1-5,470,2020_11_6_18_6R
105,4,4,4079,出畑孝典,36,47,6.92,4,0.25,18,6R,晴,西,1,1,2020_11_6,5-1-3,6970,1-3-5,440,5-1,2520,1-5,470,2020_11_6_18_6R
106,5,2,5014,梶山涼斗,14,22,7.00,2,0.32,18,6R,晴,西,1,1,2020_11_6,5-1-3,6970,1-3-5,440,5-1,2520,1-5,470,2020_11_6_18_6R
107,6,6,4970,井町泰,64,63,7.03,6,0.21,18,6R,晴,西,1,1,2020_11_6,5-1-3,6970,1-3-5,440,5-1,2520,1-5,470,2020_11_6_18_6R
108,1,1,4980,佐々木完太,66,70,6.85,1,0.07,18,7R,曇り,南西,1,1,2020_11_6,1-3-2,1120,1-2-3,340,1-3,360,1-3,350,2020_11_6_18_7R
109,2,3,4890,石川諒,30,73,6.97,3,0.12,18,7R,曇り,南西,1,1,2020_11_6,1-3-2,1120,1-2-3,340,1-3,360,1-3,350,2020_11_6_18_7R
110,3,2,3587,武田信一,65,39,6.94,2,0.09,18,7R,曇り,南西,1,1,2020_11_6,1-3-2,1120,1-2-3,340,1-3,360,1-3,350,2020_11_6_18_7R
111,4,5,4656,大崎翔,48,27,6.99,5,0.12,18,7R,曇り,南西,1,1,2020_11_6,1-3-2,1120,1-2-3,340,1-3,360,1-3,350,2020_11_6_18_7R
112,5,4,4253,西川真人,40,50,6.95,4,0.13,18,7R,曇り,南西,1,1,2020_11_6,1-3-2,1120,1-2-3,340,1-3,360,1-3,350,2020_11_6_18_7R
113,6,6,5163,清水愛海,70,58,6.92,6,0.14,18,7R,曇り,南西,1,1,2020_11_6,1-3-2,1120,1-2-3,340,1-3,360,1-3,350,2020_11_6_18_7R
114,1,1,4089,妹尾忠幸,52,13,6.99,1,0.12,18,8R,曇り,南西,1,1,2020_11_6,1-3-4,590,1-3-4,220,1-3,280,1-3,270,2020_11_6_18_8R
115,2,3,4116,川田正人,46,61,6.99,3,0.09,18,8R,曇り,南西,1,1,2020_11_6,1-3-4,590,1-3-4,220,1-3,280,1-3,270,2020_11_6_18_8R
116,3,4,4514,上條嘉嗣,69,33,7.02,4,0.08,18,8R,曇り,南西,1,1,2020_11_6,1-3-4,590,1-3-4,220,1-3,280,1-3,270,2020_11_6_18_8R
117,4,5,4747,山戸信二,58,59,7.01,5,0.09,18,8R,曇り,南西,1,1,2020_11_6,1-3-4,590,1-3-4,220,1-3,280,1-3,270,2020_11_6_18_8R
118,5,2,5026,安河内健,45,28,6.95,2,0.08,18,8R,曇り,南西,1,1,2020_11_6,1-3-4,590,1-3-4,220,1-3,280,1-3,270,2020_11_6_18_8R
119,6,6,4934,佐々木翔斗,27,67,7.02,6,0.10,18,8R,曇り,南西,1,1,2020_11_6,1-3-4,590,1-3-4,220,1-3,280,1-3,270,2020_11_6_18_8R
120,1,3,3577,向所浩二,63,31,6.98,3,0.06,18,9R,曇り,南西,1,1,2020_11_6,3-4-6,8730,3-4-6,3190,3-4,3610,3-4,2490,2020_11_6_18_9R
121,2,4,4263,武重雄介,51,56,7.08,4,0.16,18,9R,曇り,南西,1,1,2020_11_6,3-4-6,8730,3-4-6,3190,3-4,3610,3-4,2490,2020_11_6_18_9R
122,3,6,4737,竹井貴史,53,35,6.94,6,0.11,18,9R,曇り,南西,1,1,2020_11_6,3-4-6,8730,3-4-6,3190,3-4,3610,3-4,2490,2020_11_6_18_9R
123,4,1,3427,大賀広幸,56,68,6.95,1,0.17,18,9R,曇り,南西,1,1,2020_11_6,3-4-6,8730,3-4-6,3190,3-4,3610,3-4,2490,2020_11_6_18_9R
124,5,5,4884,勝浦真帆,42,26,6.96,5,0.11,18,9R,曇り,南西,1,1,2020_11_6,3-4-6,8730,3-4-6,3190,3-4,3610,3-4,2490,2020_11_6_18_9R
125,6,2,4693,松下誉士,15,52,6.94,2,0.15,18,9R,曇り,南西,1,1,2020_11_6,3-4-6,8730,3-4-6,3190,3-4,3610,3-4,2490,2020_11_6_18_9R
126,1,1,4530,小野生奈,49,64,6.82,1,0.09,18,10R,晴,南,2,2,2020_11_6,1-2-5,1540,1-2-5,1150,1-2,160,1-2,160,2020_11_6_18_10R
127,2,2,4544,松田大志郎,54,53,6.89,2,0.09,18,10R,晴,南,2,2,2020_11_6,1-2-5,1540,1-2-5,1150,1-2,160,1-2,160,2020_11_6_18_10R
128,3,5,4632,長尾京志郎,44,29,6.99,5,0.09,18,10R,晴,南,2,2,2020_11_6,1-2-5,1540,1-2-5,1150,1-2,160,1-2,160,2020_11_6_18_10R
129,4,3,4079,出畑孝典,36,47,6.90,3,0.09,18,10R,晴,南,2,2,2020_11_6,1-2-5,1540,1-2-5,1150,1-2,160,1-2,160,2020_11_6_18_10R
130,5,6,3746,岡瀬正人,43,15,7.01,6,0.12,18,10R,晴,南,2,2,2020_11_6,1-2-5,1540,1-2-5,1150,1-2,160,1-2,160,2020_11_6_18_10R
131,6,4,4072,森永淳,26,62,6.94,4,0.13,18,10R,晴,南,2,2,2020_11_6,1-2-5,1540,1-2-5,1150,1-2,160,1-2,160,2020_11_6_18_10R
132,1,1,4522,古澤光紀,55,60,6.96,1,0.13,18,11R,晴,南東,3,3,2020_11_6,1-4-2,3300,1-2-4,660,1-4,1370,1-4,1030,2020_11_6_18_11R
133,2,4,3820,樫葉次郎,34,51,6.99,4,0.15,18,11R,晴,南東,3,3,2020_11_6,1-4-2,3300,1-2-4,660,1-4,1370,1-4,1030,2020_11_6_18_11R
134,3,2,3901,松田憲幸,29,12,7.04,2,0.17,18,11R,晴,南東,3,3,2020_11_6,1-4-2,3300,1-2-4,660,1-4,1370,1-4,1030,2020_11_6_18_11R
135,4,3,4361,柳生泰二,57,34,6.91,3,0.13,18,11R,晴,南東,3,3,2020_11_6,1-4-2,3300,1-2-4,660,1-4,1370,1-4,1030,2020_11_6_18_11R
136,5,6,4580,長谷川雅和,59,55,7.00,6,0.12,18,11R,晴,南東,3,3,2020_11_6,1-4-2,3300,1-2-4,660,1-4,1370,1-4,1030,2020_11_6_18_11R
137,6,5,4603,谷川将太,28,74,6.95,5,0.15,18,11R,晴,南東,3,3,2020_11_6,1-4-2,3300,1-2-4,660,1-4,1370,1-4,1030,2020_11_6_18_11R
138,1,1,4448,青木玄太,38,65,6.94,1,0.05,18,12R,晴,南東,3,3,2020_11_6,1-4-2,1610,1-2-4,620,1-4,540,1-4,450,2020_11_6_18_12R
139,2,4,4482,守屋美穂,41,43,6.94,4,0.09,18,12R,晴,南東,3,3,2020_11_6,1-4-2,1610,1-2-4,620,1-4,540,1-4,450,2020_11_6_18_12R
140,3,2,4089,妹尾忠幸,52,13,7.03,2,0.06,18,12R,晴,南東,3,3,2020_11_6,1-4-2,1610,1-2-4,620,1-4,540,1-4,450,2020_11_6_18_12R
141,4,6,4980,佐々木完太,66,70,6.96,6,0.08,18,12R,晴,南東,3,3,2020_11_6,1-4-2,1610,1-2-4,620,1-4,540,1-4,450,2020_11_6_18_12R
142,5,3,3788,一宮稔弘,61,54,7.01,3,0.04,18,12R,晴,南東,3,3,2020_11_6,1-4-2,1610,1-2-4,620,1-4,540,1-4,450,2020_11_6_18_12R
143,6,5,4514,上條嘉嗣,69,33,7.11,5,0.13,18,12R,晴,南東,3,3,2020_11_6,1-4-2,1610,1-2-4,620,1-4,540,1-4,450,2020_11_6_18_12R
144,1,1,4553,坪口竜也,46,66,6.73,1,0.02,16,1R,晴,北東,1,3,2020_11_6,1-2-3,410,1-2-3,240,1-2,190,1-2,160,2020_11_6_16_1R
145,2,2,4681,太田潮,29,63,6.72,4,0.04,16,1R,晴,北東,1,3,2020_11_6,1-2-3,410,1-2-3,240,1-2,190,1-2,160,2020_11_6_16_1R
146,3,3,4986,西山祐希,23,39,6.72,3,0.03,16,1R,晴,北東,1,3,2020_11_6,1-2-3,410,1-2-3,240,1-2,190,1-2,160,2020_11_6_16_1R
147,4,6,2935,幸本誠,28,71,6.71,5,0.09,16,1R,晴,北東,1,3,2020_11_6,1-2-3,410,1-2-3,240,1-2,190,1-2,160,2020_11_6_16_1R
148,5,4,5102,原田雄次,22,14,6.75,6,0.11,16,1R,晴,北東,1,3,2020_11_6,1-2-3,410,1-2-3,240,1-2,190,1-2,160,2020_11_6_16_1R
149,1,3,3592,橋本健造,70,38,6.70,3,0.18,16,2R,晴,北東,1,3,2020_11_6,3-1-4,11650,1-3-4,820,3-1,5500,1-3,1730,2020_11_6_16_2R
150,2,1,5064,品川二千翔,60,42,6.78,1,0.22,16,2R,晴,北東,1,3,2020_11_6,3-1-4,11650,1-3-4,820,3-1,5500,1-3,1730,2020_11_6_16_2R
151,3,4,3747,國崎良春,61,35,6.67,4,0.21,16,2R,晴,北東,1,3,2020_11_6,3-1-4,11650,1-3-4,820,3-1,5500,1-3,1730,2020_11_6_16_2R
152,4,6,4054,福嶋智之,68,22,6.80,5,0.32,16,2R,晴,北東,1,3,2020_11_6,3-1-4,11650,1-3-4,820,3-1,5500,1-3,1730,2020_11_6_16_2R
153,5,5,5134,大原祥昌,40,31,6.74,6,0.20,16,2R,晴,北東,1,3,2020_11_6,3-1-4,11650,1-3-4,820,3-1,5500,1-3,1730,2020_11_6_16_2R
154,6,2,4394,永嶋裕一,26,25,6.78,2,0.14,16,2R,晴,北東,1,3,2020_11_6,3-1-4,11650,1-3-4,820,3-1,5500,1-3,1730,2020_11_6_16_2R
155,1,1,5037,田頭虎親,66,56,6.72,1,0.12,16,3R,晴,南東,1,3,2020_11_6,1-5-3,4550,1-3-5,660,1-5,2410,1-5,1870,2020_11_6_16_3R
156,2,5,3527,中嶋誠一郎,41,60,6.72,5,0.11,16,3R,晴,南東,1,3,2020_11_6,1-5-3,4550,1-3-5,660,1-5,2410,1-5,1870,2020_11_6_16_3R
157,3,3,3555,野添貴裕,25,72,6.66,3,0.11,16,3R,晴,南東,1,3,2020_11_6,1-5-3,4550,1-3-5,660,1-5,2410,1-5,1870,2020_11_6_16_3R
158,4,4,4453,永田郁弥,67,37,6.69,4,0.12,16,3R,晴,南東,1,3,2020_11_6,1-5-3,4550,1-3-5,660,1-5,2410,1-5,1870,2020_11_6_16_3R
159,5,6,3709,田中浩之,19,55,6.68,6,0.18,16,3R,晴,南東,1,3,2020_11_6,1-5-3,4550,1-3-5,660,1-5,2410,1-5,1870,2020_11_6_16_3R
160,6,2,4176,樋口喜彦,59,33,6.68,2,0.15,16,3R,晴,南東,1,3,2020_11_6,1-5-3,4550,1-3-5,660,1-5,2410,1-5,1870,2020_11_6_16_3R
161,1,1,3948,大町利克,54,23,6.70,1,0.22,16,4R,晴,北東,1,1,2020_11_6,1-3-5,3490,1-3-5,620,1-3,1420,1-3,1430,2020_11_6_16_4R
162,2,3,3955,眞田英二,38,65,6.75,4,0.19,16,4R,晴,北東,1,1,2020_11_6,1-3-5,3490,1-3-5,620,1-3,1420,1-3,1430,2020_11_6_16_4R
163,3,5,3920,正木聖賢,34,45,6.71,3,0.18,16,4R,晴,北東,1,1,2020_11_6,1-3-5,3490,1-3-5,620,1-3,1420,1-3,1430,2020_11_6_16_4R
164,4,2,3331,新美恵一,55,70,6.71,2,0.17,16,4R,晴,北東,1,1,2020_11_6,1-3-5,3490,1-3-5,620,1-3,1420,1-3,1430,2020_11_6_16_4R
165,5,4,3832,下田哲也,51,67,6.70,5,0.20,16,4R,晴,北東,1,1,2020_11_6,1-3-5,3490,1-3-5,620,1-3,1420,1-3,1430,2020_11_6_16_4R
166,6,6,5033,藤原孝斗,63,12,6.71,6,0.10,16,4R,晴,北東,1,1,2020_11_6,1-3-5,3490,1-3-5,620,1-3,1420,1-3,1430,2020_11_6_16_4R
167,1,5,4063,市橋卓士,36,59,6.74,5,0.17,16,5R,晴,南東,2,3,2020_11_6,5-1-4,7590,1-4-5,1010,5-1,1490,1-5,510,2020_11_6_16_5R
168,2,1,4247,齊藤優,57,44,6.69,1,0.24,16,5R,晴,南東,2,3,2020_11_6,5-1-4,7590,1-4-5,1010,5-1,1490,1-5,510,2020_11_6_16_5R
169,3,4,4396,大田直弥,62,24,6.69,4,0.21,16,5R,晴,南東,2,3,2020_11_6,5-1-4,7590,1-4-5,1010,5-1,1490,1-5,510,2020_11_6_16_5R
170,4,2,4173,岡谷健吾,16,11,6.69,2,0.22,16,5R,晴,南東,2,3,2020_11_6,5-1-4,7590,1-4-5,1010,5-1,1490,1-5,510,2020_11_6_16_5R
171,5,3,4931,木谷賢太,48,29,6.66,3,0.20,16,5R,晴,南東,2,3,2020_11_6,5-1-4,7590,1-4-5,1010,5-1,1490,1-5,510,2020_11_6_16_5R
172,6,6,4986,西山祐希,23,39,6.84,6,0.15,16,5R,晴,南東,2,3,2020_11_6,5-1-4,7590,1-4-5,1010,5-1,1490,1-5,510,2020_11_6_16_5R
173,1,1,3615,横田茂,52,27,6.71,1,0.22,16,6R,晴,南東,3,3,2020_11_6,1-2-5,2790,1-2-5,1130,1-2,270,1-2,200,2020_11_6_16_6R
174,2,2,3872,岡田憲行,53,15,6.78,2,0.25,16,6R,晴,南東,3,3,2020_11_6,1-2-5,2790,1-2-5,1130,1-2,270,1-2,200,2020_11_6_16_6R
175,3,5,3922,菅沼佳昭,44,32,6.60,5,0.17,16,6R,晴,南東,3,3,2020_11_6,1-2-5,2790,1-2-5,1130,1-2,270,1-2,200,2020_11_6_16_6R
176,4,3,3300,川崎智幸,58,54,6.74,3,0.23,16,6R,晴,南東,3,3,2020_11_6,1-2-5,2790,1-2-5,1130,1-2,270,1-2,200,2020_11_6_16_6R
177,5,4,3710,吉永泰弘,35,18,6.70,4,0.21,16,6R,晴,南東,3,3,2020_11_6,1-2-5,2790,1-2-5,1130,1-2,270,1-2,200,2020_11_6_16_6R
178,6,6,5102,原田雄次,22,14,6.76,6,0.29,16,6R,晴,南東,3,3,2020_11_6,1-2-5,2790,1-2-5,1130,1-2,270,1-2,200,2020_11_6_16_6R
179,1,1,4959,井上忠政,43,19,6.62,1,0.15,16,7R,晴,南東,2,3,2020_11_6,1-2-4,3870,1-2-4,970,1-2,1040,1-2,850,2020_11_6_16_7R
180,2,2,4054,福嶋智之,68,22,6.77,3,0.24,16,7R,晴,南東,2,3,2020_11_6,1-2-4,3870,1-2-4,970,1-2,1040,1-2,850,2020_11_6_16_7R
181,3,4,3975,小野寺智洋,39,47,6.64,5,0.16,16,7R,晴,南東,2,3,2020_11_6,1-2-4,3870,1-2-4,970,1-2,1040,1-2,850,2020_11_6_16_7R
182,4,5,3743,林美憲,33,34,6.76,2,0.14,16,7R,晴,南東,2,3,2020_11_6,1-2-4,3870,1-2-4,970,1-2,1040,1-2,850,2020_11_6_16_7R
183,5,6,3555,野添貴裕,25,72,6.75,6,0.19,16,7R,晴,南東,2,3,2020_11_6,1-2-4,3870,1-2-4,970,1-2,1040,1-2,850,2020_11_6_16_7R
184,6,3,4315,山崎昂介,13,43,6.70,4,0.36,16,7R,晴,南東,2,3,2020_11_6,1-2-4,3870,1-2-4,970,1-2,1040,1-2,850,2020_11_6_16_7R
185,1,1,4292,麻生慎介,15,61,6.67,1,0.14,16,8R,晴,南東,2,3,2020_11_6,1-4-3,540,1-3-4,220,1-4,290,1-4,160,2020_11_6_16_8R
186,2,4,3933,山地正樹,12,52,6.59,4,0.19,16,8R,晴,南東,2,3,2020_11_6,1-4-3,540,1-3-4,220,1-4,290,1-4,160,2020_11_6_16_8R
187,3,3,3832,下田哲也,51,67,6.78,3,0.20,16,8R,晴,南東,2,3,2020_11_6,1-4-3,540,1-3-4,220,1-4,290,1-4,160,2020_11_6_16_8R
188,4,2,2935,幸本誠,28,71,6.72,2,0.20,16,8R,晴,南東,2,3,2020_11_6,1-4-3,540,1-3-4,220,1-4,290,1-4,160,2020_11_6_16_8R
189,5,6,4394,永嶋裕一,26,25,6.83,6,0.16,16,8R,晴,南東,2,3,2020_11_6,1-4-3,540,1-3-4,220,1-4,290,1-4,160,2020_11_6_16_8R
190,6,5,4176,樋口喜彦,59,33,6.71,5,0.17,16,8R,晴,南東,2,3,2020_11_6,1-4-3,540,1-3-4,220,1-4,290,1-4,160,2020_11_6_16_8R
191,1,1,3527,中嶋誠一郎,41,60,6.65,1,0.18,16,9R,晴,南東,2,3,2020_11_6,1-4-2,650,1-2-4,190,1-4,300,1-4,240,2020_11_6_16_9R
192,2,4,4931,木谷賢太,48,29,6.72,4,0.06,16,9R,晴,南東,2,3,2020_11_6,1-4-2,650,1-2-4,190,1-4,300,1-4,240,2020_11_6_16_9R
193,3,2,3890,小宮淳史,64,26,6.68,2,0.17,16,9R,晴,南東,2,3,2020_11_6,1-4-2,650,1-2-4,190,1-4,300,1-4,240,2020_11_6_16_9R
194,4,3,3753,河上哲也,47,73,6.77,3,0.11,16,9R,晴,南東,2,3,2020_11_6,1-4-2,650,1-2-4,190,1-4,300,1-4,240,2020_11_6_16_9R
195,5,5,3967,鈴木茂高,27,48,6.84,5,0.03,16,9R,晴,南東,2,3,2020_11_6,1-4-2,650,1-2-4,190,1-4,300,1-4,240,2020_11_6_16_9R
196,6,6,5134,大原祥昌,40,31,6.72,6,0.02,16,9R,晴,南東,2,3,2020_11_6,1-4-2,650,1-2-4,190,1-4,300,1-4,240,2020_11_6_16_9R
197,1,1,3300,川崎智幸,58,54,6.68,1,0.21,16,10R,晴,南東,2,3,2020_11_6,1-2-3,730,1-2-3,320,1-2,160,1-2,230,2020_11_6_16_10R
198,2,2,3920,正木聖賢,34,45,6.74,2,0.15,16,10R,晴,南東,2,3,2020_11_6,1-2-3,730,1-2-3,320,1-2,160,1-2,230,2020_11_6_16_10R
199,3,3,4453,永田郁弥,67,37,6.70,3,0.14,16,10R,晴,南東,2,3,2020_11_6,1-2-3,730,1-2-3,320,1-2,160,1-2,230,2020_11_6_16_10R
200,4,6,4247,齊藤優,57,44,6.81,6,0.17,16,10R,晴,南東,2,3,2020_11_6,1-2-3,730,1-2-3,320,1-2,160,1-2,230,2020_11_6_16_10R
201,5,5,4553,坪口竜也,46,66,6.79,5,0.19,16,10R,晴,南東,2,3,2020_11_6,1-2-3,730,1-2-3,320,1-2,160,1-2,230,2020_11_6_16_10R
202,6,4,3955,眞田英二,38,65,6.77,4,0.21,16,10R,晴,南東,2,3,2020_11_6,1-2-3,730,1-2-3,320,1-2,160,1-2,230,2020_11_6_16_10R
203,1,1,3975,小野寺智洋,39,47,6.54,1,0.13,16,11R,晴,南東,1,3,2020_11_6,1-2-3,490,1-2-3,260,1-2,210,1-2,140,2020_11_6_16_11R
204,2,2,4063,市橋卓士,36,59,6.62,2,0.23,16,11R,晴,南東,1,3,2020_11_6,1-2-3,490,1-2-3,260,1-2,210,1-2,140,2020_11_6_16_11R
205,3,3,4396,大田直弥,62,24,6.64,3,0.18,16,11R,晴,南東,1,3,2020_11_6,1-2-3,490,1-2-3,260,1-2,210,1-2,140,2020_11_6_16_11R
206,4,5,3331,新美恵一,55,70,6.67,4,0.12,16,11R,晴,南東,1,3,2020_11_6,1-2-3,490,1-2-3,260,1-2,210,1-2,140,2020_11_6_16_11R
207,5,4,4315,山崎昂介,13,43,6.60,5,0.16,16,11R,晴,南東,1,3,2020_11_6,1-2-3,490,1-2-3,260,1-2,210,1-2,140,2020_11_6_16_11R
208,6,6,3615,横田茂,52,27,6.66,6,0.20,16,11R,晴,南東,1,3,2020_11_6,1-2-3,490,1-2-3,260,1-2,210,1-2,140,2020_11_6_16_11R
209,1,1,3933,山地正樹,12,52,6.63,1,0.10,16,12R,晴,南西,2,3,2020_11_6,1-2-3,390,1-2-3,180,1-2,190,1-2,220,2020_11_6_16_12R
210,2,2,3743,林美憲,33,34,6.73,2,0.11,16,12R,晴,南西,2,3,2020_11_6,1-2-3,390,1-2-3,180,1-2,190,1-2,220,2020_11_6_16_12R
211,3,3,3872,岡田憲行,53,15,6.72,3,0.11,16,12R,晴,南西,2,3,2020_11_6,1-2-3,390,1-2-3,180,1-2,190,1-2,220,2020_11_6_16_12R
212,4,4,4173,岡谷健吾,16,11,6.70,4,0.13,16,12R,晴,南西,2,3,2020_11_6,1-2-3,390,1-2-3,180,1-2,190,1-2,220,2020_11_6_16_12R
213,5,5,4959,井上忠政,43,19,6.66,5,0.09,16,12R,晴,南西,2,3,2020_11_6,1-2-3,390,1-2-3,180,1-2,190,1-2,220,2020_11_6_16_12R
214,6,6,4292,麻生慎介,15,61,6.73,6,0.10,16,12R,晴,南西,2,3,2020_11_6,1-2-3,390,1-2-3,180,1-2,190,1-2,220,2020_11_6_16_12R
215,1,3,4520,高倉孝太,34,7,6.80,4,0.19,15,1R,晴,北西,2,2,2020_11_6,3-1-4,25800,1-3-4,6810,3-1,6010,1-3,1660,2020_11_6_15_1R
216,2,1,4162,竹本太樹,62,24,6.79,1,0.13,15,1R,晴,北西,2,2,2020_11_6,3-1-4,25800,1-3-4,6810,3-1,6010,1-3,1660,2020_11_6_15_1R
217,3,4,4020,川上清人,47,41,6.80,5,0.09,15,1R,晴,北西,2,2,2020_11_6,3-1-4,25800,1-3-4,6810,3-1,6010,1-3,1660,2020_11_6_15_1R
218,4,2,4521,小池公生,49,6,6.67,3,0.31,15,1R,晴,北西,2,2,2020_11_6,3-1-4,25800,1-3-4,6810,3-1,6010,1-3,1660,2020_11_6_15_1R
219,5,6,4928,栗城匠 ,1,58,6.82,6,0.14,15,1R,晴,北西,2,2,2020_11_6,3-1-4,25800,1-3-4,6810,3-1,6010,1-3,1660,2020_11_6_15_1R
220,1,2,4177,萬正嗣,31,60,6.68,2,0.09,15,2R,晴,北西,1,1,2020_11_6,2-1-5,1340,1-2-5,330,2-1,500,1-2,210,2020_11_6_15_2R
221,2,1,3935,岩津徹郎,58,21,6.71,1,0.08,15,2R,晴,北西,1,1,2020_11_6,2-1-5,1340,1-2-5,330,2-1,500,1-2,210,2020_11_6_15_2R
222,3,5,4821,妻鳥晋也,65,25,6.84,5,0.13,15,2R,晴,北西,1,1,2020_11_6,2-1-5,1340,1-2-5,330,2-1,500,1-2,210,2020_11_6_15_2R
223,4,4,3619,長谷川充,55,39,6.82,4,0.17,15,2R,晴,北西,1,1,2020_11_6,2-1-5,1340,1-2-5,330,2-1,500,1-2,210,2020_11_6_15_2R
224,5,3,3934,鋤柄貴俊,39,15,6.80,3,0.14,15,2R,晴,北西,1,1,2020_11_6,2-1-5,1340,1-2-5,330,2-1,500,1-2,210,2020_11_6_15_2R
225,6,6,3430,角浜修,44,56,6.78,6,0.14,15,2R,晴,北西,1,1,2020_11_6,2-1-5,1340,1-2-5,330,2-1,500,1-2,210,2020_11_6_15_2R
226,1,2,4776,竹田和哉,19,34,6.79,2,0.15,15,3R,晴,北西,1,1,2020_11_6,2-3-6,18500,2-3-6,6800,2-3,2220,2-3,1210,2020_11_6_15_3R
227,2,3,3075,中村裕将,56,46,6.87,3,0.17,15,3R,晴,北西,1,1,2020_11_6,2-3-6,18500,2-3-6,6800,2-3,2220,2-3,1210,2020_11_6_15_3R
228,3,6,3730,塩崎優司,16,38,6.90,6,0.22,15,3R,晴,北西,1,1,2020_11_6,2-3-6,18500,2-3-6,6800,2-3,2220,2-3,1210,2020_11_6_15_3R
229,4,4,4432,黄金井力良,61,51,6.84,5,0.20,15,3R,晴,北西,1,1,2020_11_6,2-3-6,18500,2-3-6,6800,2-3,2220,2-3,1210,2020_11_6_15_3R
230,5,5,3984,坂口周,59,57,6.93,4,0.16,15,3R,晴,北西,1,1,2020_11_6,2-3-6,18500,2-3-6,6800,2-3,2220,2-3,1210,2020_11_6_15_3R
231,1,5,4562,阪本勇介,28,11,6.79,5,0.18,15,4R,晴,北,1,1,2020_11_6,5-4-3,39700,3-4-5,3300,5-4,8590,4-5,2740,2020_11_6_15_4R
232,2,4,3251,平石和男 ,8,49,6.82,4,0.18,15,4R,晴,北,1,1,2020_11_6,5-4-3,39700,3-4-5,3300,5-4,8590,4-5,2740,2020_11_6_15_4R
233,3,3,3226,浦田信義,11,55,6.84,3,0.27,15,4R,晴,北,1,1,2020_11_6,5-4-3,39700,3-4-5,3300,5-4,8590,4-5,2740,2020_11_6_15_4R
234,4,2,4762,藤原啓史朗,20,66,6.87,2,0.21,15,4R,晴,北,1,1,2020_11_6,5-4-3,39700,3-4-5,3300,5-4,8590,4-5,2740,2020_11_6_15_4R
235,5,6,4769,馬場剛,29,14,6.81,6,0.14,15,4R,晴,北,1,1,2020_11_6,5-4-3,39700,3-4-5,3300,5-4,8590,4-5,2740,2020_11_6_15_4R
236,6,1,4035,杉江浩明,32,1,6.74,1,0.37,15,4R,晴,北,1,1,2020_11_6,5-4-3,39700,3-4-5,3300,5-4,8590,4-5,2740,2020_11_6_15_4R
237,1,6,3822,平尾崇典,22,45,6.71,6,0.11,15,5R,晴,北,1,1,2020_11_6,6-2-5,11680,2-5-6,1950,6-2,3990,2-6,1570,2020_11_6_15_5R
238,2,2,4162,竹本太樹,62,24,6.95,2,0.12,15,5R,晴,北,1,1,2020_11_6,6-2-5,11680,2-5-6,1950,6-2,3990,2-6,1570,2020_11_6_15_5R
239,3,5,4290,稲田浩二,18,17,6.78,5,0.07,15,5R,晴,北,1,1,2020_11_6,6-2-5,11680,2-5-6,1950,6-2,3990,2-6,1570,2020_11_6_15_5R
240,4,1,4069,山本修一,66,54,6.87,1,0.13,15,5R,晴,北,1,1,2020_11_6,6-2-5,11680,2-5-6,1950,6-2,3990,2-6,1570,2020_11_6_15_5R
241,5,3,3432,宮迫暢彦,43,5,6.87,3,0.14,15,5R,晴,北,1,1,2020_11_6,6-2-5,11680,2-5-6,1950,6-2,3990,2-6,1570,2020_11_6_15_5R
242,6,4,4407,鹿島敏弘 ,3,13,6.88,4,0.18,15,5R,晴,北,1,1,2020_11_6,6-2-5,11680,2-5-6,1950,6-2,3990,2-6,1570,2020_11_6_15_5R
243,1,1,3445,加藤高史,14,28,6.80,1,0.10,15,6R,晴,北西,1,1,2020_11_6,1-5-3,4870,1-3-5,550,1-5,1750,1-5,1200,2020_11_6_15_6R
244,2,5,4020,川上清人,47,41,6.78,5,0.11,15,6R,晴,北西,1,1,2020_11_6,1-5-3,4870,1-3-5,550,1-5,1750,1-5,1200,2020_11_6_15_6R
245,3,3,3641,一瀬明,51,8,6.84,3,0.12,15,6R,晴,北西,1,1,2020_11_6,1-5-3,4870,1-3-5,550,1-5,1750,1-5,1200,2020_11_6_15_6R
246,4,2,3935,岩津徹郎,58,21,6.76,2,0.11,15,6R,晴,北西,1,1,2020_11_6,1-5-3,4870,1-3-5,550,1-5,1750,1-5,1200,2020_11_6_15_6R
247,5,6,3893,汐崎正則,53,65,6.86,6,0.14,15,6R,晴,北西,1,1,2020_11_6,1-5-3,4870,1-3-5,550,1-5,1750,1-5,1200,2020_11_6_15_6R
248,6,4,3406,中里英夫 ,5,31,6.86,4,0.14,15,6R,晴,北西,1,1,2020_11_6,1-5-3,4870,1-3-5,550,1-5,1750,1-5,1200,2020_11_6_15_6R
249,1,1,4469,土山卓也,46,27,6.78,1,0.16,15,7R,晴,南東,1,1,2020_11_6,1-4-3,1310,1-3-4,250,1-4,640,1-4,330,2020_11_6_15_7R
250,2,4,3024,西島義則,52,29,6.87,2,0.14,15,7R,晴,南東,1,1,2020_11_6,1-4-3,1310,1-3-4,250,1-4,640,1-4,330,2020_11_6_15_7R
251,3,3,4459,片岡雅裕,24,64,6.83,4,0.11,15,7R,晴,南東,1,1,2020_11_6,1-4-3,1310,1-3-4,250,1-4,640,1-4,330,2020_11_6_15_7R
252,4,6,3934,鋤柄貴俊,39,15,6.87,6,0.17,15,7R,晴,南東,1,1,2020_11_6,1-4-3,1310,1-3-4,250,1-4,640,1-4,330,2020_11_6_15_7R
253,5,2,3987,後藤正宗,21,32,6.88,3,0.12,15,7R,晴,南東,1,1,2020_11_6,1-4-3,1310,1-3-4,250,1-4,640,1-4,330,2020_11_6_15_7R
254,6,5,4675,井手良太,27,53,6.83,5,0.11,15,7R,晴,南東,1,1,2020_11_6,1-4-3,1310,1-3-4,250,1-4,640,1-4,330,2020_11_6_15_7R
255,1,1,4494,河合佑樹,37,63,6.83,1,0.12,15,8R,晴,南東,1,1,2020_11_6,1-2-5,1660,1-2-5,950,1-2,310,1-2,240,2020_11_6_15_8R
256,2,2,4142,平野和明 ,7,30,6.78,2,0.14,15,8R,晴,南東,1,1,2020_11_6,1-2-5,1660,1-2-5,950,1-2,310,1-2,240,2020_11_6_15_8R
257,3,5,4177,萬正嗣,31,60,6.84,5,0.15,15,8R,晴,南東,1,1,2020_11_6,1-2-5,1660,1-2-5,950,1-2,310,1-2,240,2020_11_6_15_8R
258,4,3,3730,塩崎優司,16,38,6.96,3,0.16,15,8R,晴,南東,1,1,2020_11_6,1-2-5,1660,1-2-5,950,1-2,310,1-2,240,2020_11_6_15_8R
259,5,4,4075,中野次郎,26,16,6.77,4,0.14,15,8R,晴,南東,1,1,2020_11_6,1-2-5,1660,1-2-5,950,1-2,310,1-2,240,2020_11_6_15_8R
260,6,6,4520,高倉孝太,34,7,6.85,6,0.15,15,8R,晴,南東,1,1,2020_11_6,1-2-5,1660,1-2-5,950,1-2,310,1-2,240,2020_11_6_15_8R
261,1,1,4521,小池公生,49,40,6.76,1,0.09,15,9R,晴,東,1,1,2020_11_6,1-2-3,880,1-2-3,410,1-2,290,1-2,230,2020_11_6_15_9R
262,2,2,3984,坂口周,59,3,6.88,2,0.13,15,9R,晴,東,1,1,2020_11_6,1-2-3,880,1-2-3,410,1-2,290,1-2,230,2020_11_6_15_9R
263,3,3,4614,石倉洋行,64,4,6.86,3,0.14,15,9R,晴,東,1,1,2020_11_6,1-2-3,880,1-2-3,410,1-2,290,1-2,230,2020_11_6_15_9R
264,4,6,3556,田中信一郎,50,18,6.82,5,0.13,15,9R,晴,東,1,1,2020_11_6,1-2-3,880,1-2-3,410,1-2,290,1-2,230,2020_11_6_15_9R
265,5,5,4055,吉田俊彦,10,10,6.91,4,0.12,15,9R,晴,東,1,1,2020_11_6,1-2-3,880,1-2-3,410,1-2,290,1-2,230,2020_11_6_15_9R
266,6,4,4562,阪本勇介,28,11,6.76,6,0.18,15,9R,晴,東,1,1,2020_11_6,1-2-3,880,1-2-3,410,1-2,290,1-2,230,2020_11_6_15_9R
267,1,1,4762,藤原啓史朗,20,66,6.80,1,0.18,15,10R,晴,東,1,1,2020_11_6,1-4-2,1890,1-2-4,700,1-4,620,1-4,570,2020_11_6_15_10R
268,2,4,4821,妻鳥晋也,65,25,6.84,5,0.24,15,10R,晴,東,1,1,2020_11_6,1-4-2,1890,1-2-4,700,1-4,620,1-4,570,2020_11_6_15_10R
269,3,2,3445,加藤高史,14,28,6.90,2,0.19,15,10R,晴,東,1,1,2020_11_6,1-4-2,1890,1-2-4,700,1-4,620,1-4,570,2020_11_6_15_10R
270,4,6,4266,長田頼宗,30,20,6.90,3,0.16,15,10R,晴,東,1,1,2020_11_6,1-4-2,1890,1-2-4,700,1-4,620,1-4,570,2020_11_6_15_10R
271,5,5,4432,黄金井力良,61,51,6.92,6,0.20,15,10R,晴,東,1,1,2020_11_6,1-4-2,1890,1-2-4,700,1-4,620,1-4,570,2020_11_6_15_10R
272,6,3,4069,山本修一,66,54,6.91,4,0.21,15,10R,晴,東,1,1,2020_11_6,1-4-2,1890,1-2-4,700,1-4,620,1-4,570,2020_11_6_15_10R
273,1,4,4769,馬場剛,29,14,6.88,4,0.07,15,11R,曇り,南,1,1,2020_11_6,4-5-3,41770,3-4-5,11130,4-5,4500,4-5,3220,2020_11_6_15_11R
274,2,5,3641,一瀬明,51,8,6.88,5,0.11,15,11R,曇り,南,1,1,2020_11_6,4-5-3,41770,3-4-5,11130,4-5,4500,4-5,3220,2020_11_6_15_11R
275,3,3,3430,角浜修,44,56,6.92,3,0.18,15,11R,曇り,南,1,1,2020_11_6,4-5-3,41770,3-4-5,11130,4-5,4500,4-5,3220,2020_11_6_15_11R
276,4,6,3075,中村裕将,56,46,6.92,6,0.06,15,11R,曇り,南,1,1,2020_11_6,4-5-3,41770,3-4-5,11130,4-5,4500,4-5,3220,2020_11_6_15_11R
277,5,2,4469,土山卓也,46,27,6.90,2,0.26,15,11R,曇り,南,1,1,2020_11_6,4-5-3,41770,3-4-5,11130,4-5,4500,4-5,3220,2020_11_6_15_11R
278,6,1,4290,稲田浩二,18,17,6.83,1,0.14,15,11R,曇り,南,1,1,2020_11_6,4-5-3,41770,3-4-5,11130,4-5,4500,4-5,3220,2020_11_6_15_11R
279,1,1,4075,中野次郎,26,16,6.84,1,0.09,15,12R,曇り,南東,2,2,2020_11_6,1-2-4,2830,1-2-4,1360,1-2,890,1-2,510,2020_11_6_15_12R
280,2,2,3251,平石和男 ,8,49,6.83,2,0.14,15,12R,曇り,南東,2,2,2020_11_6,1-2-4,2830,1-2-4,1360,1-2,890,1-2,510,2020_11_6_15_12R
281,3,4,4928,栗城匠 ,1,58,6.85,4,0.19,15,12R,曇り,南東,2,2,2020_11_6,1-2-4,2830,1-2-4,1360,1-2,890,1-2,510,2020_11_6_15_12R
282,4,3,3822,平尾崇典,22,45,6.72,3,0.11,15,12R,曇り,南東,2,2,2020_11_6,1-2-4,2830,1-2-4,1360,1-2,890,1-2,510,2020_11_6_15_12R
283,5,6,3406,中里英夫 ,5,31,6.86,6,0.19,15,12R,曇り,南東,2,2,2020_11_6,1-2-4,2830,1-2-4,1360,1-2,890,1-2,510,2020_11_6_15_12R
284,6,5,4776,竹田和哉,19,34,6.94,5,0.23,15,12R,曇り,南東,2,2,2020_11_6,1-2-4,2830,1-2-4,1360,1-2,890,1-2,510,2020_11_6_15_12R
285,1,1,4348,宮崎奨,38,13,6.71,1,0.23,14,1R,曇り,南東,1,1,2020_11_6,1-4-6,830,1-4-6,430,1-4,320,1-4,210,2020_11_6_14_1R
286,2,4,3949,今出晋二,22,73,6.76,4,0.19,14,1R,曇り,南東,1,1,2020_11_6,1-4-6,830,1-4-6,430,1-4,320,1-4,210,2020_11_6_14_1R
287,3,6,4143,浦田晃嗣,57,60,6.74,6,0.18,14,1R,曇り,南東,1,1,2020_11_6,1-4-6,830,1-4-6,430,1-4,320,1-4,210,2020_11_6_14_1R
288,4,5,4185,藤原真也,35,64,6.72,5,0.20,14,1R,曇り,南東,1,1,2020_11_6,1-4-6,830,1-4-6,430,1-4,320,1-4,210,2020_11_6_14_1R
289,5,3,3883,山根大樹,17,82,6.71,3,0.21,14,1R,曇り,南東,1,1,2020_11_6,1-4-6,830,1-4-6,430,1-4,320,1-4,210,2020_11_6_14_1R
290,6,2,5025,粟田祥,53,38,6.74,2,0.22,14,1R,曇り,南東,1,1,2020_11_6,1-4-6,830,1-4-6,430,1-4,320,1-4,210,2020_11_6_14_1R
291,1,1,3784,中島友和,12,39,6.62,1,0.19,14,2R,晴,南東,1,1,2020_11_6,1-5-2,630,1-2-5,230,1-5,390,1-5,320,2020_11_6_14_2R
292,2,5,4545,岡村慶太,62,54,6.71,5,0.14,14,2R,晴,南東,1,1,2020_11_6,1-5-2,630,1-2-5,230,1-5,390,1-5,320,2020_11_6_14_2R
293,3,2,4475,末永祐輝,71,71,6.64,2,0.17,14,2R,晴,南東,1,1,2020_11_6,1-5-2,630,1-2-5,230,1-5,390,1-5,320,2020_11_6_14_2R
294,4,4,4434,田中辰彦,66,50,6.77,4,0.18,14,2R,晴,南東,1,1,2020_11_6,1-5-2,630,1-2-5,230,1-5,390,1-5,320,2020_11_6_14_2R
295,5,6,2912,尾崎鉄也,29,24,6.80,6,0.28,14,2R,晴,南東,1,1,2020_11_6,1-5-2,630,1-2-5,230,1-5,390,1-5,320,2020_11_6_14_2R
296,6,3,3660,長谷川親王,65,79,6.83,3,0.23,14,2R,晴,南東,1,1,2020_11_6,1-5-2,630,1-2-5,230,1-5,390,1-5,320,2020_11_6_14_2R
297,1,2,3976,内田圭,26,52,6.71,2,0.18,14,3R,晴,南東,2,2,2020_11_6,2-1-4,3860,1-2-4,390,2-1,1600,1-2,240,2020_11_6_14_3R
298,2,1,3726,桂林寛,37,22,6.70,1,0.19,14,3R,晴,南東,2,2,2020_11_6,2-1-4,3860,1-2-4,390,2-1,1600,1-2,240,2020_11_6_14_3R
299,3,4,3212,亀本勇樹,36,14,6.85,4,0.24,14,3R,晴,南東,2,2,2020_11_6,2-1-4,3860,1-2-4,390,2-1,1600,1-2,240,2020_11_6_14_3R
300,4,6,5075,中島秀治,80,31,6.74,6,0.24,14,3R,晴,南東,2,2,2020_11_6,2-1-4,3860,1-2-4,390,2-1,1600,1-2,240,2020_11_6_14_3R
301,5,3,4429,豊田泰洋,20,36,6.80,3,0.22,14,3R,晴,南東,2,2,2020_11_6,2-1-4,3860,1-2-4,390,2-1,1600,1-2,240,2020_11_6_14_3R
302,6,5,3176,長谷川巌,21,23,6.86,5,0.25,14,3R,晴,南東,2,2,2020_11_6,2-1-4,3860,1-2-4,390,2-1,1600,1-2,240,2020_11_6_14_3R
303,1,1,4411,沢田昭宏,75,32,6.74,1,0.16,14,4R,曇り,南東,2,2,2020_11_6,1-2-3,720,1-2-3,220,1-2,400,1-2,320,2020_11_6_14_4R
304,2,2,4718,北川太一,81,17,6.71,2,0.18,14,4R,曇り,南東,2,2,2020_11_6,1-2-3,720,1-2-3,220,1-2,400,1-2,320,2020_11_6_14_4R
305,3,3,4137,君島秀三,60,26,6.83,3,0.22,14,4R,曇り,南東,2,2,2020_11_6,1-2-3,720,1-2-3,220,1-2,400,1-2,320,2020_11_6_14_4R
306,4,5,3224,栗山繁洋,14,68,6.74,5,0.26,14,4R,曇り,南東,2,2,2020_11_6,1-2-3,720,1-2-3,220,1-2,400,1-2,320,2020_11_6_14_4R
307,5,4,4920,桐村翔太,34,30,6.79,4,0.21,14,4R,曇り,南東,2,2,2020_11_6,1-2-3,720,1-2-3,220,1-2,400,1-2,320,2020_11_6_14_4R
308,6,6,4636,赤池修平,54,15,6.75,6,0.27,14,4R,曇り,南東,2,2,2020_11_6,1-2-3,720,1-2-3,220,1-2,400,1-2,320,2020_11_6_14_4R
309,1,2,3442,宮武英司,50,53,6.71,2,0.12,14,5R,晴,南東,1,1,2020_11_6,2-1-3,3370,1-2-3,800,2-1,570,1-2,340,2020_11_6_14_5R
310,2,1,3506,宮西真昭,58,72,6.69,1,0.17,14,5R,晴,南東,1,1,2020_11_6,2-1-3,3370,1-2-3,800,2-1,570,1-2,340,2020_11_6_14_5R
311,3,3,4691,水原慎,83,75,6.78,3,0.16,14,5R,晴,南東,1,1,2020_11_6,2-1-3,3370,1-2-3,800,2-1,570,1-2,340,2020_11_6_14_5R
312,4,4,3261,大川茂実,30,76,6.79,4,0.22,14,5R,晴,南東,1,1,2020_11_6,2-1-3,3370,1-2-3,800,2-1,570,1-2,340,2020_11_6_14_5R
313,5,6,4015,前野竜一,69,63,6.70,6,0.17,14,5R,晴,南東,1,1,2020_11_6,2-1-3,3370,1-2-3,800,2-1,570,1-2,340,2020_11_6_14_5R
314,6,5,3773,津留浩一郎,11,77,6.71,5,0.20,14,5R,晴,南東,1,1,2020_11_6,2-1-3,3370,1-2-3,800,2-1,570,1-2,340,2020_11_6_14_5R
315,1,2,3757,畑和宏,82,84,6.69,2,0.11,14,6R,晴,無風,0,1,2020_11_6,2-1-5,3290,1-2-5,1290,2-1,500,1-2,190,2020_11_6_14_6R
316,2,1,3878,胡本悟志,39,80,6.74,1,0.03,14,6R,晴,無風,0,1,2020_11_6,2-1-5,3290,1-2-5,1290,2-1,500,1-2,190,2020_11_6_14_6R
317,3,5,5038,金田智博,59,25,6.71,5,0.10,14,6R,晴,無風,0,1,2020_11_6,2-1-5,3290,1-2-5,1290,2-1,500,1-2,190,2020_11_6_14_6R
318,4,4,3660,長谷川親王,65,79,6.86,4,0.15,14,6R,晴,無風,0,1,2020_11_6,2-1-5,3290,1-2-5,1290,2-1,500,1-2,190,2020_11_6_14_6R
319,5,3,4143,浦田晃嗣,57,60,6.76,3,0.09,14,6R,晴,無風,0,1,2020_11_6,2-1-5,3290,1-2-5,1290,2-1,500,1-2,190,2020_11_6_14_6R
320,6,6,4772,石丸海渡,72,59,6.74,6,0.07,14,6R,晴,無風,0,1,2020_11_6,2-1-5,3290,1-2-5,1290,2-1,500,1-2,190,2020_11_6_14_6R
321,1,1,3883,山根大樹,17,82,6.73,1,0.11,14,7R,晴,無風,0,1,2020_11_6,1-6-4,8950,1-4-6,1970,1-6,2340,1-6,1210,2020_11_6_14_7R
322,2,6,4475,末永祐輝,71,71,6.65,6,0.11,14,7R,晴,無風,0,1,2020_11_6,1-6-4,8950,1-4-6,1970,1-6,2340,1-6,1210,2020_11_6_14_7R
323,3,4,3501,川上昇平,32,58,6.77,4,0.09,14,7R,晴,無風,0,1,2020_11_6,1-6-4,8950,1-4-6,1970,1-6,2340,1-6,1210,2020_11_6_14_7R
324,4,2,3891,谷口健一,28,83,6.80,2,0.17,14,7R,晴,無風,0,1,2020_11_6,1-6-4,8950,1-4-6,1970,1-6,2340,1-6,1210,2020_11_6_14_7R
325,5,3,3976,内田圭,26,52,6.81,3,0.10,14,7R,晴,無風,0,1,2020_11_6,1-6-4,8950,1-4-6,1970,1-6,2340,1-6,1210,2020_11_6_14_7R
326,6,5,3499,市川哲也,24,61,6.87,5,0.09,14,7R,晴,無風,0,1,2020_11_6,1-6-4,8950,1-4-6,1970,1-6,2340,1-6,1210,2020_11_6_14_7R
327,1,1,3224,栗山繁洋,14,68,6.69,1,0.18,14,8R,晴,南東,2,2,2020_11_6,1-2-5,760,1-2-5,190,1-2,400,1-2,290,2020_11_6_14_8R
328,2,2,4027,松江秀徳,10,65,6.76,2,0.22,14,8R,晴,南東,2,2,2020_11_6,1-2-5,760,1-2-5,190,1-2,400,1-2,290,2020_11_6_14_8R
329,3,5,3833,中辻博訓,16,74,6.77,4,0.16,14,8R,晴,南東,2,2,2020_11_6,1-2-5,760,1-2-5,190,1-2,400,1-2,290,2020_11_6_14_8R
330,4,6,4250,藤川利文,74,10,6.87,5,0.24,14,8R,晴,南東,2,2,2020_11_6,1-2-5,760,1-2-5,190,1-2,400,1-2,290,2020_11_6_14_8R
331,5,4,5025,粟田祥,53,38,6.78,6,0.28,14,8R,晴,南東,2,2,2020_11_6,1-2-5,760,1-2-5,190,1-2,400,1-2,290,2020_11_6_14_8R
332,1,1,3261,大川茂実,30,76,6.77,1,0.22,14,9R,晴,南東,2,2,2020_11_6,1-3-4,1670,1-3-4,250,1-3,540,1-3,380,2020_11_6_14_9R
333,2,3,4643,近江翔吾,70,78,6.72,3,0.43,14,9R,晴,南東,2,2,2020_11_6,1-3-4,1670,1-3-4,250,1-3,540,1-3,380,2020_11_6_14_9R
334,3,4,3304,烏野賢太,19,55,6.78,4,0.29,14,9R,晴,南東,2,2,2020_11_6,1-3-4,1670,1-3-4,250,1-3,540,1-3,380,2020_11_6_14_9R
335,4,5,4718,北川太一,81,17,6.73,5,0.24,14,9R,晴,南東,2,2,2020_11_6,1-3-4,1670,1-3-4,250,1-3,540,1-3,380,2020_11_6_14_9R
336,5,6,4429,豊田泰洋,20,36,6.77,6,0.28,14,9R,晴,南東,2,2,2020_11_6,1-3-4,1670,1-3-4,250,1-3,540,1-3,380,2020_11_6_14_9R
337,6,2,4185,藤原真也,35,64,6.78,2,0.25,14,9R,晴,南東,2,2,2020_11_6,1-3-4,1670,1-3-4,250,1-3,540,1-3,380,2020_11_6_14_9R
338,1,3,4545,岡村慶太,62,54,6.77,3,0.19,14,10R,晴,南東,2,2,2020_11_6,3-1-5,1320,1-3-5,390,3-1,550,1-3,350,2020_11_6_14_10R
339,2,1,4968,宮崎光基,79,12,6.72,1,0.17,14,10R,晴,南東,2,2,2020_11_6,3-1-5,1320,1-3-5,390,3-1,550,1-3,350,2020_11_6_14_10R
340,3,5,3726,桂林寛,37,22,6.79,5,0.18,14,10R,晴,南東,2,2,2020_11_6,3-1-5,1320,1-3-5,390,3-1,550,1-3,350,2020_11_6_14_10R
341,4,4,3506,宮西真昭,58,72,6.81,4,0.15,14,10R,晴,南東,2,2,2020_11_6,3-1-5,1320,1-3-5,390,3-1,550,1-3,350,2020_11_6_14_10R
342,5,2,4920,桐村翔太,34,30,6.79,2,0.21,14,10R,晴,南東,2,2,2020_11_6,3-1-5,1320,1-3-5,390,3-1,550,1-3,350,2020_11_6_14_10R
343,6,6,3757,畑和宏,82,84,6.76,6,0.19,14,10R,晴,南東,2,2,2020_11_6,3-1-5,1320,1-3-5,390,3-1,550,1-3,350,2020_11_6_14_10R
344,1,2,4015,前野竜一,69,63,6.76,2,0.25,14,11R,晴,南東,1,1,2020_11_6,2-4-3,3970,2-3-4,560,2-4,1840,2-4,1430,2020_11_6_14_11R
345,2,4,4137,君島秀三,60,26,6.82,4,0.15,14,11R,晴,南東,1,1,2020_11_6,2-4-3,3970,2-3-4,560,2-4,1840,2-4,1430,2020_11_6_14_11R
346,3,3,4772,石丸海渡,72,59,6.78,3,0.21,14,11R,晴,南東,1,1,2020_11_6,2-4-3,3970,2-3-4,560,2-4,1840,2-4,1430,2020_11_6_14_11R
347,4,1,3176,長谷川巌,21,23,6.83,1,0.23,14,11R,晴,南東,1,1,2020_11_6,2-4-3,3970,2-3-4,560,2-4,1840,2-4,1430,2020_11_6_14_11R
348,5,6,3708,岡部貴司,61,34,6.80,6,0.23,14,11R,晴,南東,1,1,2020_11_6,2-4-3,3970,2-3-4,560,2-4,1840,2-4,1430,2020_11_6_14_11R
349,6,5,3784,中島友和,12,39,6.72,5,0.19,14,11R,晴,南東,1,1,2020_11_6,2-4-3,3970,2-3-4,560,2-4,1840,2-4,1430,2020_11_6_14_11R
350,1,1,3833,中辻博訓,16,74,6.72,1,0.10,14,12R,晴,南東,1,1,2020_11_6,1-3-2,920,1-2-3,360,1-3,280,1-3,320,2020_11_6_14_12R
351,2,3,3499,市川哲也,24,61,6.90,3,0.10,14,12R,晴,南東,1,1,2020_11_6,1-3-2,920,1-2-3,360,1-3,280,1-3,320,2020_11_6_14_12R
352,3,2,4434,田中辰彦,66,50,6.81,2,0.10,14,12R,晴,南東,1,1,2020_11_6,1-3-2,920,1-2-3,360,1-3,280,1-3,320,2020_11_6_14_12R
353,4,6,3442,宮武英司,50,53,6.78,6,0.13,14,12R,晴,南東,1,1,2020_11_6,1-3-2,920,1-2-3,360,1-3,280,1-3,320,2020_11_6_14_12R
354,5,5,4348,宮崎奨,38,13,6.77,5,0.13,14,12R,晴,南東,1,1,2020_11_6,1-3-2,920,1-2-3,360,1-3,280,1-3,320,2020_11_6_14_12R
355,6,4,4411,沢田昭宏,75,32,6.76,4,0.15,14,12R,晴,南東,1,1,2020_11_6,1-3-2,920,1-2-3,360,1-3,280,1-3,320,2020_11_6_14_12R
356,1,3,4066,東本勝利,55,17,6.75,4,0.17,12,1R,晴,無風,0,1,2020_11_6,3-1-4,5670,1-3-4,970,3-1,1540,1-3,710,2020_11_6_12_1R
357,2,1,5088,高憧四季,16,84,6.78,2,0.21,12,1R,晴,無風,0,1,2020_11_6,3-1-4,5670,1-3-4,970,3-1,1540,1-3,710,2020_11_6_12_1R
358,3,4,3668,市川猛,59,74,6.90,5,0.19,12,1R,晴,無風,0,1,2020_11_6,3-1-4,5670,1-3-4,970,3-1,1540,1-3,710,2020_11_6_12_1R
359,4,5,2876,鈴木幸夫,27,65,6.89,1,0.15,12,1R,晴,無風,0,1,2020_11_6,3-1-4,5670,1-3-4,970,3-1,1540,1-3,710,2020_11_6_12_1R
360,5,2,3498,白石浩二,31,11,6.72,3,0.23,12,1R,晴,無風,0,1,2020_11_6,3-1-4,5670,1-3-4,970,3-1,1540,1-3,710,2020_11_6_12_1R
361,6,6,5168,池田なな,64,60,6.84,6,0.17,12,1R,晴,無風,0,1,2020_11_6,3-1-4,5670,1-3-4,970,3-1,1540,1-3,710,2020_11_6_12_1R
362,1,2,4771,下寺秀和,61,27,6.80,2,0.19,12,2R,晴,無風,0,1,2020_11_6,2-1-3,1330,1-2-3,410,2-1,510,1-2,240,2020_11_6_12_2R
363,2,1,4299,中島浩哉,54,31,6.79,1,0.25,12,2R,晴,無風,0,1,2020_11_6,2-1-3,1330,1-2-3,410,2-1,510,1-2,240,2020_11_6_12_2R
364,3,3,3461,渡邊哲也,51,30,6.83,3,0.16,12,2R,晴,無風,0,1,2020_11_6,2-1-3,1330,1-2-3,410,2-1,510,1-2,240,2020_11_6_12_2R
365,4,5,3797,岩井繁,29,86,6.86,5,0.17,12,2R,晴,無風,0,1,2020_11_6,2-1-3,1330,1-2-3,410,2-1,510,1-2,240,2020_11_6_12_2R
366,5,4,3339,泉具巳,13,22,6.76,4,0.15,12,2R,晴,無風,0,1,2020_11_6,2-1-3,1330,1-2-3,410,2-1,510,1-2,240,2020_11_6_12_2R
367,6,6,5151,山下奈緒,70,50,6.87,6,0.24,12,2R,晴,無風,0,1,2020_11_6,2-1-3,1330,1-2-3,410,2-1,510,1-2,240,2020_11_6_12_2R
368,1,1,4840,鈴木秀茉,24,28,6.80,1,0.14,12,3R,晴,無風,0,1,2020_11_6,1-3-2,1430,1-2-3,380,1-3,480,1-3,360,2020_11_6_12_3R
369,2,3,3956,横澤剛治,76,15,6.87,3,0.09,12,3R,晴,無風,0,1,2020_11_6,1-3-2,1430,1-2-3,380,1-3,480,1-3,360,2020_11_6_12_3R
370,3,2,4152,深水慎一郎,25,25,6.81,2,0.16,12,3R,晴,無風,0,1,2020_11_6,1-3-2,1430,1-2-3,380,1-3,480,1-3,360,2020_11_6_12_3R
371,4,5,3353,前田光昭,14,29,6.79,5,0.18,12,3R,晴,無風,0,1,2020_11_6,1-3-2,1430,1-2-3,380,1-3,480,1-3,360,2020_11_6_12_3R
372,5,6,3842,星野太郎,77,21,6.88,6,0.15,12,3R,晴,無風,0,1,2020_11_6,1-3-2,1430,1-2-3,380,1-3,480,1-3,360,2020_11_6_12_3R
373,6,4,4318,桑原将光,38,63,6.91,4,0.14,12,3R,晴,無風,0,1,2020_11_6,1-3-2,1430,1-2-3,380,1-3,480,1-3,360,2020_11_6_12_3R
374,1,1,4836,大谷健太,68,14,6.73,1,0.19,12,4R,晴,無風,0,1,2020_11_6,1-2-6,2270,1-2-6,860,1-2,380,1-2,200,2020_11_6_12_4R
375,2,2,3963,原田秀弥,30,18,6.76,2,0.18,12,4R,晴,無風,0,1,2020_11_6,1-2-6,2270,1-2-6,860,1-2,380,1-2,200,2020_11_6_12_4R
376,3,6,4161,黒柳浩孝,21,76,6.83,5,0.13,12,4R,晴,無風,0,1,2020_11_6,1-2-6,2270,1-2-6,860,1-2,380,1-2,200,2020_11_6_12_4R
377,4,3,5011,高木圭大,78,33,6.76,3,0.16,12,4R,晴,無風,0,1,2020_11_6,1-2-6,2270,1-2-6,860,1-2,380,1-2,200,2020_11_6_12_4R
378,5,5,4474,渡辺崇,32,57,6.76,4,0.14,12,4R,晴,無風,0,1,2020_11_6,1-2-6,2270,1-2-6,860,1-2,380,1-2,200,2020_11_6_12_4R
379,6,4,5039,倉田茂将,10,35,6.79,6,0.08,12,4R,晴,無風,0,1,2020_11_6,1-2-6,2270,1-2-6,860,1-2,380,1-2,200,2020_11_6_12_4R
380,1,1,3999,大瀧明日香,67,66,6.79,1,0.14,12,5R,晴,無風,0,1,2020_11_6,1-2-3,740,1-2-3,270,1-2,250,1-2,210,2020_11_6_12_5R
381,2,2,3705,濱田隆浩,75,81,6.75,2,0.11,12,5R,晴,無風,0,1,2020_11_6,1-2-3,740,1-2-3,270,1-2,250,1-2,210,2020_11_6_12_5R
382,3,3,4449,中嶋達也,12,37,6.75,3,0.17,12,5R,晴,無風,0,1,2020_11_6,1-2-3,740,1-2-3,270,1-2,250,1-2,210,2020_11_6_12_5R
383,4,5,3020,若女井正,19,34,6.80,4,0.17,12,5R,晴,無風,0,1,2020_11_6,1-2-3,740,1-2-3,270,1-2,250,1-2,210,2020_11_6_12_5R
384,5,4,4752,西尾亮輔,11,56,6.83,5,0.21,12,5R,晴,無風,0,1,2020_11_6,1-2-3,740,1-2-3,270,1-2,250,1-2,210,2020_11_6_12_5R
385,6,6,4376,藤田靖弘,23,75,6.86,6,0.14,12,5R,晴,無風,0,1,2020_11_6,1-2-3,740,1-2-3,270,1-2,250,1-2,210,2020_11_6_12_5R
386,1,1,4159,向後龍一,37,61,6.81,1,0.04,12,6R,晴,無風,0,1,2020_11_6,1-2-5,670,1-2-5,430,1-2,220,1-2,180,2020_11_6_12_6R
387,2,2,4388,是澤孝宏,60,80,6.76,2,0.05,12,6R,晴,無風,0,1,2020_11_6,1-2-5,670,1-2-5,430,1-2,220,1-2,180,2020_11_6_12_6R
388,3,5,3882,新田智彰,33,55,6.82,5,0.16,12,6R,晴,無風,0,1,2020_11_6,1-2-5,670,1-2-5,430,1-2,220,1-2,180,2020_11_6_12_6R
389,4,6,3352,小川晃司,84,83,6.79,6,0.10,12,6R,晴,無風,0,1,2020_11_6,1-2-5,670,1-2-5,430,1-2,220,1-2,180,2020_11_6_12_6R
390,5,4,5052,赤井星璃菜,57,67,6.79,4,0.10,12,6R,晴,無風,0,1,2020_11_6,1-2-5,670,1-2-5,430,1-2,220,1-2,180,2020_11_6_12_6R
391,6,3,3156,金子良昭,72,16,6.83,3,0.04,12,6R,晴,無風,0,1,2020_11_6,1-2-5,670,1-2-5,430,1-2,220,1-2,180,2020_11_6_12_6R
392,1,2,4352,下條雄太郎,26,58,6.78,1,0.13,12,7R,晴,無風,0,1,2020_11_6,2-3-1,950,1-2-3,130,2-3,600,2-3,300,2020_11_6_12_7R
393,2,3,3792,田中豪,81,32,6.69,3,0.11,12,7R,晴,無風,0,1,2020_11_6,2-3-1,950,1-2-3,130,2-3,600,2-3,300,2020_11_6_12_7R
394,3,1,4152,深水慎一郎,25,25,6.76,2,0.19,12,7R,晴,無風,0,1,2020_11_6,2-3-1,950,1-2-3,130,2-3,600,2-3,300,2020_11_6_12_7R
395,4,5,4021,吉田健太郎,34,38,6.76,5,0.09,12,7R,晴,無風,0,1,2020_11_6,2-3-1,950,1-2-3,130,2-3,600,2-3,300,2020_11_6_12_7R
396,5,4,3819,大内裕樹,82,51,6.77,4,0.11,12,7R,晴,無風,0,1,2020_11_6,2-3-1,950,1-2-3,130,2-3,600,2-3,300,2020_11_6_12_7R
397,6,6,5168,池田なな,64,60,6.80,6,0.19,12,7R,晴,無風,0,1,2020_11_6,2-3-1,950,1-2-3,130,2-3,600,2-3,300,2020_11_6_12_7R
398,1,1,2876,鈴木幸夫,27,65,6.85,1,0.11,12,8R,晴,無風,0,1,2020_11_6,1-2-4,1070,1-2-4,410,1-2,800,1-2,630,2020_11_6_12_8R
399,2,2,4299,中島浩哉,54,31,6.81,2,0.09,12,8R,晴,無風,0,1,2020_11_6,1-2-4,1070,1-2-4,410,1-2,800,1-2,630,2020_11_6_12_8R
400,3,4,3963,原田秀弥,30,18,6.81,4,0.15,12,8R,晴,無風,0,1,2020_11_6,1-2-4,1070,1-2-4,410,1-2,800,1-2,630,2020_11_6_12_8R
401,4,6,4419,原加央理,69,68,6.79,6,0.09,12,8R,晴,無風,0,1,2020_11_6,1-2-4,1070,1-2-4,410,1-2,800,1-2,630,2020_11_6_12_8R
402,1,1,4771,下寺秀和,61,27,6.74,1,0.13,12,9R,晴,無風,0,1,2020_11_6,1-3-6,6310,1-3-6,3380,1-3,1170,1-3,1110,2020_11_6_12_9R
403,2,3,5039,倉田茂将,10,35,6.85,3,0.19,12,9R,晴,無風,0,1,2020_11_6,1-3-6,6310,1-3-6,3380,1-3,1170,1-3,1110,2020_11_6_12_9R
404,3,6,3488,柳田英明,28,85,6.84,6,0.25,12,9R,晴,無風,0,1,2020_11_6,1-3-6,6310,1-3-6,3380,1-3,1170,1-3,1110,2020_11_6_12_9R
405,4,2,4478,櫻本あゆみ,66,36,6.76,2,0.13,12,9R,晴,無風,0,1,2020_11_6,1-3-6,6310,1-3-6,3380,1-3,1170,1-3,1110,2020_11_6_12_9R
406,5,5,4351,里岡右貴,56,24,6.80,5,0.15,12,9R,晴,無風,0,1,2020_11_6,1-3-6,6310,1-3-6,3380,1-3,1170,1-3,1110,2020_11_6_12_9R
407,6,4,3842,星野太郎,77,21,6.81,4,0.23,12,9R,晴,無風,0,1,2020_11_6,1-3-6,6310,1-3-6,3380,1-3,1170,1-3,1110,2020_11_6_12_9R
408,1,1,4388,是澤孝宏,60,80,6.69,1,0.11,12,10R,晴,無風,0,1,2020_11_6,1-6-3,5470,1-3-6,670,1-6,1880,1-6,1460,2020_11_6_12_10R
409,2,6,4318,桑原将光,38,63,6.78,6,0.14,12,10R,晴,無風,0,1,2020_11_6,1-6-3,5470,1-3-6,670,1-6,1880,1-6,1460,2020_11_6_12_10R
410,3,3,4387,平山智加,71,77,6.83,3,0.14,12,10R,晴,無風,0,1,2020_11_6,1-6-3,5470,1-3-6,670,1-6,1880,1-6,1460,2020_11_6_12_10R
411,4,4,5011,高木圭大,78,33,6.81,4,0.09,12,10R,晴,無風,0,1,2020_11_6,1-6-3,5470,1-3-6,670,1-6,1880,1-6,1460,2020_11_6_12_10R
412,5,5,3461,渡邊哲也,51,30,6.87,5,0.11,12,10R,晴,無風,0,1,2020_11_6,1-6-3,5470,1-3-6,670,1-6,1880,1-6,1460,2020_11_6_12_10R
413,6,2,4066,東本勝利,55,17,6.70,2,0.19,12,10R,晴,無風,0,1,2020_11_6,1-6-3,5470,1-3-6,670,1-6,1880,1-6,1460,2020_11_6_12_10R
414,1,1,3956,横澤剛治,76,15,6.78,1,0.16,12,11R,晴,無風,0,1,2020_11_6,1-3-4,700,1-3-4,340,1-3,280,1-3,180,2020_11_6_12_11R
415,2,3,4161,黒柳浩孝,21,76,6.76,3,0.10,12,11R,晴,無風,0,1,2020_11_6,1-3-4,700,1-3-4,340,1-3,280,1-3,180,2020_11_6_12_11R
416,3,4,3882,新田智彰,33,55,6.85,4,0.12,12,11R,晴,無風,0,1,2020_11_6,1-3-4,700,1-3-4,340,1-3,280,1-3,180,2020_11_6_12_11R
417,4,2,4449,中嶋達也,12,37,6.81,2,0.18,12,11R,晴,無風,0,1,2020_11_6,1-3-4,700,1-3-4,340,1-3,280,1-3,180,2020_11_6_12_11R
418,5,6,4114,深澤達徳,58,62,6.84,6,0.13,12,11R,晴,無風,0,1,2020_11_6,1-3-4,700,1-3-4,340,1-3,280,1-3,180,2020_11_6_12_11R
419,6,5,3792,田中豪,81,32,6.78,5,0.16,12,11R,晴,無風,0,1,2020_11_6,1-3-4,700,1-3-4,340,1-3,280,1-3,180,2020_11_6_12_11R
420,1,1,4352,下條雄太郎,26,58,6.75,1,0.05,12,12R,晴,無風,0,1,2020_11_6,1-3-2,1280,1-2-3,460,1-3,300,1-3,320,2020_11_6_12_12R
421,2,3,3999,大瀧明日香,67,66,6.73,3,0.07,12,12R,晴,無風,0,1,2020_11_6,1-3-2,1280,1-2-3,460,1-3,300,1-3,320,2020_11_6_12_12R
422,3,2,3339,泉具巳,13,22,6.81,2,0.05,12,12R,晴,無風,0,1,2020_11_6,1-3-2,1280,1-2-3,460,1-3,300,1-3,320,2020_11_6_12_12R
423,4,5,4159,向後龍一,37,61,6.78,4,0.17,12,12R,晴,無風,0,1,2020_11_6,1-3-2,1280,1-2-3,460,1-3,300,1-3,320,2020_11_6_12_12R
424,5,4,4840,鈴木秀茉,24,28,6.78,6,0.15,12,12R,晴,無風,0,1,2020_11_6,1-3-2,1280,1-2-3,460,1-3,300,1-3,320,2020_11_6_12_12R
425,6,6,4474,渡辺崇,32,57,6.86,5,0.16,12,12R,晴,無風,0,1,2020_11_6,1-3-2,1280,1-2-3,460,1-3,300,1-3,320,2020_11_6_12_12R
426,1,3,5076,石原光,19,62,6.73,3,0.16,10,1R,曇り,南東,4,3,2020_11_6,3-4-1,46110,1-3-4,850,3-4,22960,3-4,5770,2020_11_6_10_1R
427,2,4,4811,向井田佑紀,52,49,6.73,4,0.16,10,1R,曇り,南東,4,3,2020_11_6,3-4-1,46110,1-3-4,850,3-4,22960,3-4,5770,2020_11_6_10_1R
428,3,1,4802,中田達也,62,37,6.73,1,0.16,10,1R,曇り,南東,4,3,2020_11_6,3-4-1,46110,1-3-4,850,3-4,22960,3-4,5770,2020_11_6_10_1R
429,4,5,4979,中野夢斗,59,64,6.71,5,0.16,10,1R,曇り,南東,4,3,2020_11_6,3-4-1,46110,1-3-4,850,3-4,22960,3-4,5770,2020_11_6_10_1R
430,5,2,5016,宮田龍馬,42,22,6.71,2,0.17,10,1R,曇り,南東,4,3,2020_11_6,3-4-1,46110,1-3-4,850,3-4,22960,3-4,5770,2020_11_6_10_1R
431,6,6,5114,小林孝彰,16,20,6.72,6,0.22,10,1R,曇り,南東,4,3,2020_11_6,3-4-1,46110,1-3-4,850,3-4,22960,3-4,5770,2020_11_6_10_1R
432,1,1,5034,若林義人,22,59,6.67,1,0.18,10,2R,曇り,南東,3,3,2020_11_6,1-2-4,1600,1-2-4,700,1-2,510,1-2,250,2020_11_6_10_2R
433,2,2,4587,木田峰由季,15,58,6.73,2,0.20,10,2R,曇り,南東,3,3,2020_11_6,1-2-4,1600,1-2-4,700,1-2,510,1-2,250,2020_11_6_10_2R
434,3,4,5111,三村岳人,18,46,6.77,4,0.19,10,2R,曇り,南東,3,3,2020_11_6,1-2-4,1600,1-2-4,700,1-2,510,1-2,250,2020_11_6_10_2R
435,4,5,4818,伏見俊介,67,32,6.71,5,0.23,10,2R,曇り,南東,3,3,2020_11_6,1-2-4,1600,1-2-4,700,1-2,510,1-2,250,2020_11_6_10_2R
436,5,3,4946,船越健吾,12,66,6.75,3,0.22,10,2R,曇り,南東,3,3,2020_11_6,1-2-4,1600,1-2-4,700,1-2,510,1-2,250,2020_11_6_10_2R
437,6,6,4887,富澤祐作,21,42,6.66,6,0.19,10,2R,曇り,南東,3,3,2020_11_6,1-2-4,1600,1-2-4,700,1-2,510,1-2,250,2020_11_6_10_2R
438,1,5,5043,中村日向,47,11,6.70,6,0.18,10,3R,曇り,南東,3,3,2020_11_6,5-1-6,48660,1-5-6,1550,5-1,13830,1-5,2710,2020_11_6_10_3R
439,2,1,4958,溝口海義也,37,70,6.72,1,0.22,10,3R,曇り,南東,3,3,2020_11_6,5-1-6,48660,1-5-6,1550,5-1,13830,1-5,2710,2020_11_6_10_3R
440,3,6,4908,上田龍星,17,13,6.66,5,0.16,10,3R,曇り,南東,3,3,2020_11_6,5-1-6,48660,1-5-6,1550,5-1,13830,1-5,2710,2020_11_6_10_3R
441,4,2,4933,板橋侑我,69,43,6.71,2,0.17,10,3R,曇り,南東,3,3,2020_11_6,5-1-6,48660,1-5-6,1550,5-1,13830,1-5,2710,2020_11_6_10_3R
442,5,4,5060,数原魁,39,15,6.66,4,0.49,10,3R,曇り,南東,3,3,2020_11_6,5-1-6,48660,1-5-6,1550,5-1,13830,1-5,2710,2020_11_6_10_3R
443,6,3,4839,四宮与寛,65,29,6.85,3,0.38,10,3R,曇り,南東,3,3,2020_11_6,5-1-6,48660,1-5-6,1550,5-1,13830,1-5,2710,2020_11_6_10_3R
444,1,3,4852,川原祐明,14,72,6.67,3,0.13,10,4R,曇り,南東,3,3,2020_11_6,3-5-2,2360,2-3-5,590,3-5,880,3-5,600,2020_11_6_10_4R
445,2,5,4685,島村隆幸,43,14,6.79,5,0.09,10,4R,曇り,南東,3,3,2020_11_6,3-5-2,2360,2-3-5,590,3-5,880,3-5,600,2020_11_6_10_4R
446,3,2,4876,梅木敬太,58,57,6.68,2,0.06,10,4R,曇り,南東,3,3,2020_11_6,3-5-2,2360,2-3-5,590,3-5,880,3-5,600,2020_11_6_10_4R
447,4,1,4905,土井祥伍,24,38,6.63,1,0.16,10,4R,曇り,南東,3,3,2020_11_6,3-5-2,2360,2-3-5,590,3-5,880,3-5,600,2020_11_6_10_4R
448,5,4,5009,大賀龍之介,33,51,6.72,4,0.12,10,4R,曇り,南東,3,3,2020_11_6,3-5-2,2360,2-3-5,590,3-5,880,3-5,600,2020_11_6_10_4R
449,6,6,4915,彦坂径冶,36,18,6.70,6,0.15,10,4R,曇り,南東,3,3,2020_11_6,3-5-2,2360,2-3-5,590,3-5,880,3-5,600,2020_11_6_10_4R
450,1,1,5091,為本智也,51,40,6.76,1,0.14,10,5R,曇り,南東,2,2,2020_11_6,1-3-6,7290,1-3-6,1810,1-3,1620,1-3,1370,2020_11_6_10_5R
451,2,3,4865,立具敬司,55,17,6.74,3,0.16,10,5R,曇り,南東,2,2,2020_11_6,1-3-6,7290,1-3-6,1810,1-3,1620,1-3,1370,2020_11_6_10_5R
452,3,6,4926,吉川貴仁,48,54,6.70,6,0.08,10,5R,曇り,南東,2,2,2020_11_6,1-3-6,7290,1-3-6,1810,1-3,1620,1-3,1370,2020_11_6_10_5R
453,4,4,4903,吉田凌太朗,32,27,6.76,4,0.13,10,5R,曇り,南東,2,2,2020_11_6,1-3-6,7290,1-3-6,1810,1-3,1620,1-3,1370,2020_11_6_10_5R
454,5,2,4875,大塚康雅,13,21,6.73,2,0.23,10,5R,曇り,南東,2,2,2020_11_6,1-3-6,7290,1-3-6,1810,1-3,1620,1-3,1370,2020_11_6_10_5R
455,6,5,5016,宮田龍馬,42,22,6.75,5,0.09,10,5R,曇り,南東,2,2,2020_11_6,1-3-6,7290,1-3-6,1810,1-3,1620,1-3,1370,2020_11_6_10_5R
456,1,4,4835,橋本明,46,41,6.84,4,0.05,10,6R,曇り,南東,2,2,2020_11_6,4-1-2,31960,1-2-4,1280,4-1,8990,1-4,1670,2020_11_6_10_6R
457,2,1,5004,河野主樹,26,63,6.77,1,0.06,10,6R,曇り,南東,2,2,2020_11_6,4-1-2,31960,1-2-4,1280,4-1,8990,1-4,1670,2020_11_6_10_6R
458,3,2,4824,松井洪弥,38,35,6.71,2,0.11,10,6R,曇り,南東,2,2,2020_11_6,4-1-2,31960,1-2-4,1280,4-1,8990,1-4,1670,2020_11_6_10_6R
459,4,3,5034,若林義人,22,59,6.74,3,0.11,10,6R,曇り,南東,2,2,2020_11_6,4-1-2,31960,1-2-4,1280,4-1,8990,1-4,1670,2020_11_6_10_6R
460,5,6,5085,中村栄治,34,25,6.84,6,0.05,10,6R,曇り,南東,2,2,2020_11_6,4-1-2,31960,1-2-4,1280,4-1,8990,1-4,1670,2020_11_6_10_6R
461,1,4,4802,中田達也,62,37,6.73,4,0.17,10,7R,曇り,南東,1,1,2020_11_6,4-2-1,3380,1-2-4,260,4-2,1140,2-4,660,2020_11_6_10_7R
462,2,2,4983,前田篤哉,20,61,6.68,2,0.18,10,7R,曇り,南東,1,1,2020_11_6,4-2-1,3380,1-2-4,260,4-2,1140,2-4,660,2020_11_6_10_7R
463,3,1,4930,佐藤悠,40,53,6.74,1,0.11,10,7R,曇り,南東,1,1,2020_11_6,4-2-1,3380,1-2-4,260,4-2,1140,2-4,660,2020_11_6_10_7R
464,4,5,5060,数原魁,39,15,6.72,5,0.18,10,7R,曇り,南東,1,1,2020_11_6,4-2-1,3380,1-2-4,260,4-2,1140,2-4,660,2020_11_6_10_7R
465,5,3,4818,伏見俊介,67,32,6.77,3,0.24,10,7R,曇り,南東,1,1,2020_11_6,4-2-1,3380,1-2-4,260,4-2,1140,2-4,660,2020_11_6_10_7R
466,6,6,5036,福田翔吾,29,52,6.72,6,0.19,10,7R,曇り,南東,1,1,2020_11_6,4-2-1,3380,1-2-4,260,4-2,1140,2-4,660,2020_11_6_10_7R
467,1,4,4886,入海馨,70,48,6.75,4,0.37,10,8R,曇り,南東,1,1,2020_11_6,4-6-2,4470,2-4-6,390,4-6,2810,4-6,1690,2020_11_6_10_8R
468,2,6,5015,高橋竜矢,64,34,6.74,6,0.14,10,8R,曇り,南東,1,1,2020_11_6,4-6-2,4470,2-4-6,390,4-6,2810,4-6,1690,2020_11_6_10_8R
469,3,2,4908,上田龍星,17,13,6.69,2,0.24,10,8R,曇り,南東,1,1,2020_11_6,4-6-2,4470,2-4-6,390,4-6,2810,4-6,1690,2020_11_6_10_8R
470,4,1,5044,渡邉健,44,24,6.71,1,0.19,10,8R,曇り,南東,1,1,2020_11_6,4-6-2,4470,2-4-6,390,4-6,2810,4-6,1690,2020_11_6_10_8R
471,5,5,5076,石原光,19,62,6.79,5,0.22,10,8R,曇り,南東,1,1,2020_11_6,4-6-2,4470,2-4-6,390,4-6,2810,4-6,1690,2020_11_6_10_8R
472,6,3,4915,彦坂径冶,36,18,6.76,3,0.18,10,8R,曇り,南東,1,1,2020_11_6,4-6-2,4470,2-4-6,390,4-6,2810,4-6,1690,2020_11_6_10_8R
473,1,1,4685,島村隆幸,43,14,6.80,1,0.12,10,9R,曇り,南東,1,1,2020_11_6,1-5-3,4120,1-3-5,1210,1-5,870,1-5,1120,2020_11_6_10_9R
474,2,5,5091,為本智也,51,40,6.75,5,0.09,10,9R,曇り,南東,1,1,2020_11_6,1-5-3,4120,1-3-5,1210,1-5,870,1-5,1120,2020_11_6_10_9R
475,3,3,4933,板橋侑我,69,43,6.75,3,0.12,10,9R,曇り,南東,1,1,2020_11_6,1-5-3,4120,1-3-5,1210,1-5,870,1-5,1120,2020_11_6_10_9R
476,4,6,4962,畑竜生,49,56,6.63,6,0.09,10,9R,曇り,南東,1,1,2020_11_6,1-5-3,4120,1-3-5,1210,1-5,870,1-5,1120,2020_11_6_10_9R
477,5,4,4977,馬野耀,61,68,6.71,4,0.13,10,9R,曇り,南東,1,1,2020_11_6,1-5-3,4120,1-3-5,1210,1-5,870,1-5,1120,2020_11_6_10_9R
478,6,2,4887,富澤祐作,21,42,6.62,2,0.16,10,9R,曇り,南東,1,1,2020_11_6,1-5-3,4120,1-3-5,1210,1-5,870,1-5,1120,2020_11_6_10_9R
479,1,1,4888,金児隆太,54,30,6.66,1,0.18,10,10R,曇り,南東,3,2,2020_11_6,1-2-4,2570,1-2-4,1220,1-2,190,1-2,200,2020_11_6_10_10R
480,2,2,4926,吉川貴仁,48,54,6.74,2,0.11,10,10R,曇り,南東,3,2,2020_11_6,1-2-4,2570,1-2-4,1220,1-2,190,1-2,200,2020_11_6_10_10R
481,3,4,5023,久永祥平,56,12,6.77,4,0.17,10,10R,曇り,南東,3,2,2020_11_6,1-2-4,2570,1-2-4,1220,1-2,190,1-2,200,2020_11_6_10_10R
482,4,6,4852,川原祐明,14,72,6.74,6,0.18,10,10R,曇り,南東,3,2,2020_11_6,1-2-4,2570,1-2-4,1220,1-2,190,1-2,200,2020_11_6_10_10R
483,5,3,4835,橋本明,46,41,6.75,3,0.14,10,10R,曇り,南東,3,2,2020_11_6,1-2-4,2570,1-2-4,1220,1-2,190,1-2,200,2020_11_6_10_10R
484,1,1,4824,松井洪弥,38,35,6.64,1,0.17,10,11R,曇り,南東,2,2,2020_11_6,1-4-3,660,1-3-4,310,1-4,250,1-4,250,2020_11_6_10_11R
485,2,4,4587,木田峰由季,15,58,6.77,4,0.14,10,11R,曇り,南東,2,2,2020_11_6,1-4-3,660,1-3-4,310,1-4,250,1-4,250,2020_11_6_10_11R
486,3,3,5043,中村日向,47,11,6.75,3,0.15,10,11R,曇り,南東,2,2,2020_11_6,1-4-3,660,1-3-4,310,1-4,250,1-4,250,2020_11_6_10_11R
487,4,6,4875,大塚康雅,13,21,6.75,6,0.18,10,11R,曇り,南東,2,2,2020_11_6,1-4-3,660,1-3-4,310,1-4,250,1-4,250,2020_11_6_10_11R
488,5,2,4979,中野夢斗,59,64,6.73,2,0.21,10,11R,曇り,南東,2,2,2020_11_6,1-4-3,660,1-3-4,310,1-4,250,1-4,250,2020_11_6_10_11R
489,6,5,5009,大賀龍之介,33,51,6.78,5,0.17,10,11R,曇り,南東,2,2,2020_11_6,1-4-3,660,1-3-4,310,1-4,250,1-4,250,2020_11_6_10_11R
490,1,1,4939,宮之原輝紀,72,50,6.84,1,0.16,10,12R,曇り,南東,1,1,2020_11_6,1-4-3,1490,1-3-4,620,1-4,380,1-4,310,2020_11_6_10_12R
491,2,4,4983,前田篤哉,20,61,6.72,4,0.11,10,12R,曇り,南東,1,1,2020_11_6,1-4-3,1490,1-3-4,620,1-4,380,1-4,310,2020_11_6_10_12R
492,3,3,4958,溝口海義也,37,70,6.81,3,0.17,10,12R,曇り,南東,1,1,2020_11_6,1-4-3,1490,1-3-4,620,1-4,380,1-4,310,2020_11_6_10_12R
493,4,2,5015,高橋竜矢,64,34,6.76,2,0.15,10,12R,曇り,南東,1,1,2020_11_6,1-4-3,1490,1-3-4,620,1-4,380,1-4,310,2020_11_6_10_12R
494,5,5,4905,土井祥伍,24,38,6.81,5,0.11,10,12R,曇り,南東,1,1,2020_11_6,1-4-3,1490,1-3-4,620,1-4,380,1-4,310,2020_11_6_10_12R
495,6,6,4946,船越健吾,12,66,6.83,6,0.04,10,12R,曇り,南東,1,1,2020_11_6,1-4-3,1490,1-3-4,620,1-4,380,1-4,310,2020_11_6_10_12R
496,1,1,4384,鶴本崇文,25,46,6.73,1,0.09,09,1R,曇り,無風,0,0,2020_11_6,1-3-4,2260,1-3-4,920,1-3,570,1-3,740,2020_11_6_09_1R
497,2,3,5082,一色凌雅,11,23,6.73,3,0.10,09,1R,曇り,無風,0,0,2020_11_6,1-3-4,2260,1-3-4,920,1-3,570,1-3,740,2020_11_6_09_1R
498,3,4,3839,川合理司,22,31,6.72,4,0.15,09,1R,曇り,無風,0,0,2020_11_6,1-3-4,2260,1-3-4,920,1-3,570,1-3,740,2020_11_6_09_1R
499,4,5,4558,宮野仁,39,43,6.71,5,0.18,09,1R,曇り,無風,0,0,2020_11_6,1-3-4,2260,1-3-4,920,1-3,570,1-3,740,2020_11_6_09_1R
500,5,2,3503,堂原洋史,56,70,6.67,2,0.10,09,1R,曇り,無風,0,0,2020_11_6,1-3-4,2260,1-3-4,920,1-3,570,1-3,740,2020_11_6_09_1R
501,6,6,5135,仲航太,15,18,6.83,6,0.25,09,1R,曇り,無風,0,0,2020_11_6,1-3-4,2260,1-3-4,920,1-3,570,1-3,740,2020_11_6_09_1R
502,1,3,4103,山崎善庸,12,74,6.84,3,0.20,09,2R,曇り,無風,0,0,2020_11_6,3-5-4,22060,3-4-5,2140,3-5,9310,3-5,2140,2020_11_6_09_2R
503,2,5,4895,門間雄大,52,25,6.80,5,0.16,09,2R,曇り,無風,0,0,2020_11_6,3-5-4,22060,3-4-5,2140,3-5,9310,3-5,2140,2020_11_6_09_2R
504,3,4,3950,石川哲秀,65,40,6.78,4,0.19,09,2R,曇り,無風,0,0,2020_11_6,3-5-4,22060,3-4-5,2140,3-5,9310,3-5,2140,2020_11_6_09_2R
505,4,1,3644,矢橋成介,14,47,6.69,1,0.23,09,2R,曇り,無風,0,0,2020_11_6,3-5-4,22060,3-4-5,2140,3-5,9310,3-5,2140,2020_11_6_09_2R
506,5,2,3376,萩原善行,37,45,6.74,2,0.18,09,2R,曇り,無風,0,0,2020_11_6,3-5-4,22060,3-4-5,2140,3-5,9310,3-5,2140,2020_11_6_09_2R
507,6,6,5103,芝田京介,36,36,6.73,6,0.19,09,2R,曇り,無風,0,0,2020_11_6,3-5-4,22060,3-4-5,2140,3-5,9310,3-5,2140,2020_11_6_09_2R
508,1,1,4440,萩原知哉,67,72,6.63,1,0.15,09,3R,曇り,東,2,1,2020_11_6,1-4-2,1130,1-2-4,380,1-4,570,1-4,580,2020_11_6_09_3R
509,2,4,3655,本橋克洋,51,28,6.75,4,0.15,09,3R,曇り,東,2,1,2020_11_6,1-4-2,1130,1-2-4,380,1-4,570,1-4,580,2020_11_6_09_3R
510,3,2,3769,佐竹恒彦,73,76,6.77,2,0.21,09,3R,曇り,東,2,1,2020_11_6,1-4-2,1130,1-2-4,380,1-4,570,1-4,580,2020_11_6_09_3R
511,4,3,3637,齋藤和政,24,37,6.80,3,0.18,09,3R,曇り,東,2,1,2020_11_6,1-4-2,1130,1-2-4,380,1-4,570,1-4,580,2020_11_6_09_3R
512,5,6,3606,川北浩貴,59,11,6.76,5,0.19,09,3R,曇り,東,2,1,2020_11_6,1-4-2,1130,1-2-4,380,1-4,570,1-4,580,2020_11_6_09_3R
513,6,5,5125,高井雄基,17,71,6.81,6,0.30,09,3R,曇り,東,2,1,2020_11_6,1-4-2,1130,1-2-4,380,1-4,570,1-4,580,2020_11_6_09_3R
514,1,1,3775,泉啓文,61,30,6.72,1,0.09,09,4R,曇り,東,1,1,2020_11_6,1-3-4,680,1-3-4,420,1-3,320,1-3,330,2020_11_6_09_4R
515,2,3,2878,富山弘幸,44,19,6.70,3,0.10,09,4R,曇り,東,1,1,2020_11_6,1-3-4,680,1-3-4,420,1-3,320,1-3,330,2020_11_6_09_4R
516,3,4,4012,中村有裕,41,17,6.73,4,0.06,09,4R,曇り,東,1,1,2020_11_6,1-3-4,680,1-3-4,420,1-3,320,1-3,330,2020_11_6_09_4R
517,4,6,3831,安藤裕貴,21,32,6.75,6,0.07,09,4R,曇り,東,1,1,2020_11_6,1-3-4,680,1-3-4,420,1-3,320,1-3,330,2020_11_6_09_4R
518,5,2,3965,北中元樹,63,13,6.86,2,0.17,09,4R,曇り,東,1,1,2020_11_6,1-3-4,680,1-3-4,420,1-3,320,1-3,330,2020_11_6_09_4R
519,1,1,3966,作間章,31,41,6.69,1,0.15,09,5R,曇り,東,1,1,2020_11_6,1-6-2,3490,1-2-6,790,1-6,1260,1-6,900,2020_11_6_09_5R
520,2,6,4918,川島拓郎,33,34,6.73,6,0.10,09,5R,曇り,東,1,1,2020_11_6,1-6-2,3490,1-2-6,790,1-6,1260,1-6,900,2020_11_6_09_5R
521,3,2,4380,鈴木峻佑,62,15,6.71,2,0.08,09,5R,曇り,東,1,1,2020_11_6,1-6-2,3490,1-2-6,790,1-6,1260,1-6,900,2020_11_6_09_5R
522,4,4,4558,宮野仁,39,65,6.77,4,0.11,09,5R,曇り,東,1,1,2020_11_6,1-6-2,3490,1-2-6,790,1-6,1260,1-6,900,2020_11_6_09_5R
523,5,3,5010,宇留田翔平,27,22,6.76,3,0.13,09,5R,曇り,東,1,1,2020_11_6,1-6-2,3490,1-2-6,790,1-6,1260,1-6,900,2020_11_6_09_5R
524,6,5,3652,森下勇,53,75,6.77,5,0.10,09,5R,曇り,東,1,1,2020_11_6,1-6-2,3490,1-2-6,790,1-6,1260,1-6,900,2020_11_6_09_5R
525,1,1,4281,大澤大夢,70,29,6.72,1,0.18,09,6R,曇り,東,2,1,2020_11_6,1-6-3,1560,1-3-6,510,1-6,490,1-6,280,2020_11_6_09_6R
526,2,6,3952,中澤和志,29,27,6.77,5,0.19,09,6R,曇り,東,2,1,2020_11_6,1-6-3,1560,1-3-6,510,1-6,490,1-6,280,2020_11_6_09_6R
527,3,3,3303,渡辺豊,32,44,6.77,3,0.18,09,6R,曇り,東,2,1,2020_11_6,1-6-3,1560,1-3-6,510,1-6,490,1-6,280,2020_11_6_09_6R
528,4,4,3644,矢橋成介,14,47,6.74,4,0.20,09,6R,曇り,東,2,1,2020_11_6,1-6-3,1560,1-3-6,510,1-6,490,1-6,280,2020_11_6_09_6R
529,5,5,5135,仲航太,15,18,6.81,6,0.12,09,6R,曇り,東,2,1,2020_11_6,1-6-3,1560,1-3-6,510,1-6,490,1-6,280,2020_11_6_09_6R
530,6,2,3990,芹澤克彦,57,21,6.75,2,0.16,09,6R,曇り,東,2,1,2020_11_6,1-6-3,1560,1-3-6,510,1-6,490,1-6,280,2020_11_6_09_6R
531,1,4,4960,黒野元基,23,33,6.72,5,0.16,09,7R,晴,東,1,1,2020_11_6,4-3-1,2990,1-3-4,330,4-3,1100,3-4,430,2020_11_6_09_7R
532,2,3,4370,山口達也,16,24,6.76,3,0.08,09,7R,晴,東,1,1,2020_11_6,4-3-1,2990,1-3-4,330,4-3,1100,3-4,430,2020_11_6_09_7R
533,3,1,4880,澤崎雄哉,55,39,6.77,1,0.08,09,7R,晴,東,1,1,2020_11_6,4-3-1,2990,1-3-4,330,4-3,1100,3-4,430,2020_11_6_09_7R
534,4,5,3268,森竜也,28,20,6.73,4,0.13,09,7R,晴,東,1,1,2020_11_6,4-3-1,2990,1-3-4,330,4-3,1100,3-4,430,2020_11_6_09_7R
535,5,2,3950,石川哲秀,65,40,6.76,2,0.10,09,7R,晴,東,1,1,2020_11_6,4-3-1,2990,1-3-4,330,4-3,1100,3-4,430,2020_11_6_09_7R
536,6,6,5125,高井雄基,17,71,6.82,6,0.45,09,7R,晴,東,1,1,2020_11_6,4-3-1,2990,1-3-4,330,4-3,1100,3-4,430,2020_11_6_09_7R
537,1,2,3497,後藤浩,35,73,6.73,2,0.10,09,8R,晴,東,1,1,2020_11_6,2-4-1,3440,1-2-4,360,2-4,1060,2-4,370,2020_11_6_09_8R
538,2,4,3489,大場敏,34,14,6.72,4,0.15,09,8R,晴,東,1,1,2020_11_6,2-4-1,3440,1-2-4,360,2-4,1060,2-4,370,2020_11_6_09_8R
539,3,1,4103,山崎善庸,12,74,6.82,1,0.15,09,8R,晴,東,1,1,2020_11_6,2-4-1,3440,1-2-4,360,2-4,1060,2-4,370,2020_11_6_09_8R
540,4,5,4012,中村有裕,41,17,6.77,5,0.17,09,8R,晴,東,1,1,2020_11_6,2-4-1,3440,1-2-4,360,2-4,1060,2-4,370,2020_11_6_09_8R
541,5,3,3503,堂原洋史,56,70,6.75,3,0.19,09,8R,晴,東,1,1,2020_11_6,2-4-1,3440,1-2-4,360,2-4,1060,2-4,370,2020_11_6_09_8R
542,6,6,3769,佐竹恒彦,73,76,6.77,6,0.22,09,8R,晴,東,1,1,2020_11_6,2-4-1,3440,1-2-4,360,2-4,1060,2-4,370,2020_11_6_09_8R
543,1,1,3602,奥平拓也,47,12,6.79,1,0.14,09,9R,晴,東,1,1,2020_11_6,1-2-6,870,1-2-6,550,1-2,240,1-2,230,2020_11_6_09_9R
544,2,2,3831,安藤裕貴,21,32,6.80,2,0.15,09,9R,晴,東,1,1,2020_11_6,1-2-6,870,1-2-6,550,1-2,240,1-2,230,2020_11_6_09_9R
545,3,6,4377,濱本優一,58,16,6.79,6,0.20,09,9R,晴,東,1,1,2020_11_6,1-2-6,870,1-2-6,550,1-2,240,1-2,230,2020_11_6_09_9R
546,4,4,4895,門間雄大,52,25,6.79,4,0.18,09,9R,晴,東,1,1,2020_11_6,1-2-6,870,1-2-6,550,1-2,240,1-2,230,2020_11_6_09_9R
547,5,3,3652,森下勇,53,75,6.80,3,0.21,09,9R,晴,東,1,1,2020_11_6,1-2-6,870,1-2-6,550,1-2,240,1-2,230,2020_11_6_09_9R
548,6,5,3606,川北浩貴,59,11,6.76,5,0.20,09,9R,晴,東,1,1,2020_11_6,1-2-6,870,1-2-6,550,1-2,240,1-2,230,2020_11_6_09_9R
549,1,1,3655,本橋克洋,51,28,6.76,1,0.09,09,10R,晴,東,1,1,2020_11_6,1-4-2,590,1-2-4,160,1-4,300,1-4,150,2020_11_6_09_10R
550,2,4,3952,中澤和志,29,27,6.70,4,0.11,09,10R,晴,東,1,1,2020_11_6,1-4-2,590,1-2-4,160,1-4,300,1-4,150,2020_11_6_09_10R
551,3,2,2878,富山弘幸,44,19,6.69,2,0.11,09,10R,晴,東,1,1,2020_11_6,1-4-2,590,1-2-4,160,1-4,300,1-4,150,2020_11_6_09_10R
552,4,3,3839,川合理司,22,31,6.73,3,0.03,09,10R,晴,東,1,1,2020_11_6,1-4-2,590,1-2-4,160,1-4,300,1-4,150,2020_11_6_09_10R
553,5,5,4880,澤崎雄哉,55,39,6.77,5,0.10,09,10R,晴,東,1,1,2020_11_6,1-4-2,590,1-2-4,160,1-4,300,1-4,150,2020_11_6_09_10R
554,1,1,3303,渡辺豊,32,44,6.77,1,0.17,09,11R,晴,無風,0,0,2020_11_6,1-2-5,1230,1-2-5,400,1-2,420,1-2,180,2020_11_6_09_11R
555,2,2,4370,山口達也,16,24,6.74,2,0.14,09,11R,晴,無風,0,0,2020_11_6,1-2-5,1230,1-2-5,400,1-2,420,1-2,180,2020_11_6_09_11R
556,3,5,4384,鶴本崇文,25,46,6.73,5,0.18,09,11R,晴,無風,0,0,2020_11_6,1-2-5,1230,1-2-5,400,1-2,420,1-2,180,2020_11_6_09_11R
557,4,3,4918,川島拓郎,33,48,6.68,3,0.19,09,11R,晴,無風,0,0,2020_11_6,1-2-5,1230,1-2-5,400,1-2,420,1-2,180,2020_11_6_09_11R
558,5,4,3502,渡邉英児,49,38,6.75,4,0.17,09,11R,晴,無風,0,0,2020_11_6,1-2-5,1230,1-2-5,400,1-2,420,1-2,180,2020_11_6_09_11R
559,6,6,3965,北中元樹,63,13,6.84,6,0.13,09,11R,晴,無風,0,0,2020_11_6,1-2-5,1230,1-2-5,400,1-2,420,1-2,180,2020_11_6_09_11R
560,1,1,3489,大場敏,34,14,6.68,1,0.13,09,12R,晴,無風,0,0,2020_11_6,1-2-3,640,1-2-3,460,1-2,170,1-2,290,2020_11_6_09_12R
561,2,2,3966,作間章,31,41,6.71,2,0.14,09,12R,晴,無風,0,0,2020_11_6,1-2-3,640,1-2-3,460,1-2,170,1-2,290,2020_11_6_09_12R
562,3,3,3686,鳥居塚孝博,64,35,6.72,3,0.17,09,12R,晴,無風,0,0,2020_11_6,1-2-3,640,1-2-3,460,1-2,170,1-2,290,2020_11_6_09_12R
563,4,6,4960,黒野元基,23,33,6.65,6,0.21,09,12R,晴,無風,0,0,2020_11_6,1-2-3,640,1-2-3,460,1-2,170,1-2,290,2020_11_6_09_12R
564,5,4,3990,芹澤克彦,57,21,6.76,4,0.13,09,12R,晴,無風,0,0,2020_11_6,1-2-3,640,1-2-3,460,1-2,170,1-2,290,2020_11_6_09_12R
565,6,5,3637,齋藤和政,24,37,6.76,5,0.17,09,12R,晴,無風,0,0,2020_11_6,1-2-3,640,1-2-3,460,1-2,170,1-2,290,2020_11_6_09_12R
566,1,3,3983,須藤博倫,58,47,6.72,3,0.08,08,1R,曇り,北東,1,0,2020_11_6,3-4-2,14770,2-3-4,2510,3-4,2530,3-4,1060,2020_11_6_08_1R
567,2,4,3719,辻栄蔵,36,16,6.70,4,0.09,08,1R,曇り,北東,1,0,2020_11_6,3-4-2,14770,2-3-4,2510,3-4,2530,3-4,1060,2020_11_6_08_1R
568,3,2,4189,川上剛,48,35,6.72,2,0.05,08,1R,曇り,北東,1,0,2020_11_6,3-4-2,14770,2-3-4,2510,3-4,2530,3-4,1060,2020_11_6_08_1R
569,4,1,4584,村岡賢人,43,11,6.68,1,0.05,08,1R,曇り,北東,1,0,2020_11_6,3-4-2,14770,2-3-4,2510,3-4,2530,3-4,1060,2020_11_6_08_1R
570,5,5,4604,岩瀬裕亮,51,58,6.73,5,0.11,08,1R,曇り,北東,1,0,2020_11_6,3-4-2,14770,2-3-4,2510,3-4,2530,3-4,1060,2020_11_6_08_1R
571,6,6,4524,深谷知博 ,5,22,6.79,6,0.08,08,1R,曇り,北東,1,0,2020_11_6,3-4-2,14770,2-3-4,2510,3-4,2530,3-4,1060,2020_11_6_08_1R
572,1,1,4808,松尾拓,46,30,6.69,1,0.04,08,2R,曇り,無風,0,0,2020_11_6,1-5-3,3170,1-3-5,550,1-5,1580,1-5,1140,2020_11_6_08_2R
573,2,5,4659,木下翔太,23,36,6.70,5,0.16,08,2R,曇り,無風,0,0,2020_11_6,1-5-3,3170,1-3-5,550,1-5,1580,1-5,1140,2020_11_6_08_2R
574,3,3,4337,平本真之,22,55,6.74,3,0.08,08,2R,曇り,無風,0,0,2020_11_6,1-5-3,3170,1-3-5,550,1-5,1580,1-5,1140,2020_11_6_08_2R
575,4,6,4308,河村了,20,63,6.70,6,0.13,08,2R,曇り,無風,0,0,2020_11_6,1-5-3,3170,1-3-5,550,1-5,1580,1-5,1140,2020_11_6_08_2R
576,5,2,4760,山崎郡,49,75,6.75,2,0.10,08,2R,曇り,無風,0,0,2020_11_6,1-5-3,3170,1-3-5,550,1-5,1580,1-5,1140,2020_11_6_08_2R
577,6,4,3944,山口裕二,60,27,6.75,4,0.18,08,2R,曇り,無風,0,0,2020_11_6,1-5-3,3170,1-3-5,550,1-5,1580,1-5,1140,2020_11_6_08_2R
578,1,3,4586,磯部誠,35,51,6.70,3,0.07,08,3R,晴,無風,0,0,2020_11_6,3-1-2,4060,1-2-3,540,3-1,1040,1-3,200,2020_11_6_08_3R
579,2,1,4364,池永太,10,72,6.67,1,0.06,08,3R,晴,無風,0,0,2020_11_6,3-1-2,4060,1-2-3,540,3-1,1040,1-3,200,2020_11_6_08_3R
580,3,2,4472,尾嶋一広,45,65,6.73,2,0.07,08,3R,晴,無風,0,0,2020_11_6,3-1-2,4060,1-2-3,540,3-1,1040,1-3,200,2020_11_6_08_3R
581,4,4,4856,豊田健士郎,56,70,6.75,4,0.18,08,3R,晴,無風,0,0,2020_11_6,3-1-2,4060,1-2-3,540,3-1,1040,1-3,200,2020_11_6_08_3R
582,5,6,3388,今垣光太郎,37,23,6.67,6,0.19,08,3R,晴,無風,0,0,2020_11_6,3-1-2,4060,1-2-3,540,3-1,1040,1-3,200,2020_11_6_08_3R
583,6,5,4287,今井貴士,42,38,6.72,5,0.23,08,3R,晴,無風,0,0,2020_11_6,3-1-2,4060,1-2-3,540,3-1,1040,1-3,200,2020_11_6_08_3R
584,1,3,4256,渡辺浩司,27,52,6.70,3,0.18,08,4R,晴,無風,0,0,2020_11_6,3-5-2,30380,2-3-5,2440,3-5,9620,3-5,4910,2020_11_6_08_4R
585,2,5,4910,中村泰平,18,61,6.73,5,0.13,08,4R,晴,無風,0,0,2020_11_6,3-5-2,30380,2-3-5,2440,3-5,9620,3-5,4910,2020_11_6_08_4R
586,3,2,3557,太田和美,38,15,6.69,2,0.25,08,4R,晴,無風,0,0,2020_11_6,3-5-2,30380,2-3-5,2440,3-5,9620,3-5,4910,2020_11_6_08_4R
587,4,4,4084,杉山正樹,53,67,6.78,4,0.17,08,4R,晴,無風,0,0,2020_11_6,3-5-2,30380,2-3-5,2440,3-5,9620,3-5,4910,2020_11_6_08_4R
588,5,1,4294,古賀繁輝,33,54,6.73,1,0.14,08,4R,晴,無風,0,0,2020_11_6,3-5-2,30380,2-3-5,2440,3-5,9620,3-5,4910,2020_11_6_08_4R
589,6,6,4155,長野壮志郎 ,6,57,6.77,6,0.14,08,4R,晴,無風,0,0,2020_11_6,3-5-2,30380,2-3-5,2440,3-5,9620,3-5,4910,2020_11_6_08_4R
590,1,1,4227,安達裕樹,29,17,6.70,1,0.08,08,5R,晴,西,1,0,2020_11_6,1-3-5,1050,1-3-5,490,1-3,360,1-3,280,2020_11_6_08_5R
591,2,3,3978,齊藤仁,40,53,6.67,3,0.10,08,5R,晴,西,1,0,2020_11_6,1-3-5,1050,1-3-5,490,1-3,360,1-3,280,2020_11_6_08_5R
592,3,5,4044,湯川浩司,16,60,6.60,4,0.11,08,5R,晴,西,1,0,2020_11_6,1-3-5,1050,1-3-5,490,1-3,360,1-3,280,2020_11_6_08_5R
593,4,2,3909,佐々木康幸,44,71,6.71,2,0.06,08,5R,晴,西,1,0,2020_11_6,1-3-5,1050,1-3-5,490,1-3,360,1-3,280,2020_11_6_08_5R
594,5,6,3613,角谷健吾,21,50,6.74,6,0.07,08,5R,晴,西,1,0,2020_11_6,1-3-5,1050,1-3-5,490,1-3,360,1-3,280,2020_11_6_08_5R
595,6,4,4604,岩瀬裕亮,51,58,6.72,5,0.12,08,5R,晴,西,1,0,2020_11_6,1-3-5,1050,1-3-5,490,1-3,360,1-3,280,2020_11_6_08_5R
596,1,4,4441,末永由楽,57,33,6.67,5,0.04,08,6R,晴,北西,2,1,2020_11_6,4-1-2,14000,1-2-4,1040,4-1,2320,1-4,680,2020_11_6_08_6R
597,2,1,4659,木下翔太,23,36,6.65,1,0.18,08,6R,晴,北西,2,1,2020_11_6,4-1-2,14000,1-2-4,1040,4-1,2320,1-4,680,2020_11_6_08_6R
598,3,2,4584,村岡賢人,43,11,6.65,2,0.15,08,6R,晴,北西,2,1,2020_11_6,4-1-2,14000,1-2-4,1040,4-1,2320,1-4,680,2020_11_6_08_6R
599,4,5,4446,和田兼輔,30,39,6.66,6,0.14,08,6R,晴,北西,2,1,2020_11_6,4-1-2,14000,1-2-4,1040,4-1,2320,1-4,680,2020_11_6_08_6R
600,5,6,3941,池田浩二,39,37,6.70,3,0.17,08,6R,晴,北西,2,1,2020_11_6,4-1-2,14000,1-2-4,1040,4-1,2320,1-4,680,2020_11_6_08_6R
601,6,3,3654,武田光史,34,31,6.68,4,0.17,08,6R,晴,北西,2,1,2020_11_6,4-1-2,14000,1-2-4,1040,4-1,2320,1-4,680,2020_11_6_08_6R
602,1,3,3779,原田幸哉 ,1,49,6.70,3,0.13,08,7R,晴,西,1,0,2020_11_6,3-1-6,4520,1-3-6,1830,3-1,600,1-3,280,2020_11_6_08_7R
603,2,1,3944,山口裕二,60,27,6.74,1,0.11,08,7R,晴,西,1,0,2020_11_6,3-1-6,4520,1-3-6,1830,3-1,600,1-3,280,2020_11_6_08_7R
604,3,6,3983,須藤博倫,58,47,6.74,6,0.18,08,7R,晴,西,1,0,2020_11_6,3-1-6,4520,1-3-6,1830,3-1,600,1-3,280,2020_11_6_08_7R
605,4,4,4472,尾嶋一広,45,65,6.76,5,0.15,08,7R,晴,西,1,0,2020_11_6,3-1-6,4520,1-3-6,1830,3-1,600,1-3,280,2020_11_6_08_7R
606,5,2,4688,永井彪也,47,40,6.78,2,0.12,08,7R,晴,西,1,0,2020_11_6,3-1-6,4520,1-3-6,1830,3-1,600,1-3,280,2020_11_6_08_7R
607,6,5,3946,赤岩善生,25,28,6.66,4,0.29,08,7R,晴,西,1,0,2020_11_6,3-1-6,4520,1-3-6,1830,3-1,600,1-3,280,2020_11_6_08_7R
608,1,3,4344,新田雄史,59,66,6.68,3,0.05,08,8R,晴,西,1,0,2020_11_6,3-1-6,4610,1-3-6,660,3-1,1210,1-3,260,2020_11_6_08_8R
609,2,1,4236,松村敏,12,18,6.63,1,0.06,08,8R,晴,西,1,0,2020_11_6,3-1-6,4610,1-3-6,660,3-1,1210,1-3,260,2020_11_6_08_8R
610,3,6,4074,柳沢一,26,21,6.69,6,0.10,08,8R,晴,西,1,0,2020_11_6,3-1-6,4610,1-3-6,660,3-1,1210,1-3,260,2020_11_6_08_8R
611,4,5,3557,太田和美,38,15,6.66,5,0.14,08,8R,晴,西,1,0,2020_11_6,3-1-6,4610,1-3-6,660,3-1,1210,1-3,260,2020_11_6_08_8R
612,5,4,4364,池永太,10,72,6.69,4,0.08,08,8R,晴,西,1,0,2020_11_6,3-1-6,4610,1-3-6,660,3-1,1210,1-3,260,2020_11_6_08_8R
613,6,2,4308,河村了,20,63,6.65,2,0.06,08,8R,晴,西,1,0,2020_11_6,3-1-6,4610,1-3-6,660,3-1,1210,1-3,260,2020_11_6_08_8R
614,1,1,4856,豊田健士郎,56,70,6.67,1,0.09,08,9R,晴,西,2,1,2020_11_6,1-6-5,9530,1-5-6,3370,1-6,1840,1-6,1500,2020_11_6_08_9R
615,2,6,4337,平本真之,22,55,6.72,6,0.16,08,9R,晴,西,2,1,2020_11_6,1-6-5,9530,1-5-6,3370,1-6,1840,1-6,1500,2020_11_6_08_9R
616,3,5,3284,渡邊伸太郎,17,68,6.66,5,0.16,08,9R,晴,西,2,1,2020_11_6,1-6-5,9530,1-5-6,3370,1-6,1840,1-6,1500,2020_11_6_08_9R
617,4,4,3415,松井繁 ,9,20,6.67,4,0.15,08,9R,晴,西,2,1,2020_11_6,1-6-5,9530,1-5-6,3370,1-6,1840,1-6,1500,2020_11_6_08_9R
618,5,3,4033,伊藤将吉,54,42,6.67,3,0.17,08,9R,晴,西,2,1,2020_11_6,1-6-5,9530,1-5-6,3370,1-6,1840,1-6,1500,2020_11_6_08_9R
619,6,2,4084,杉山正樹,53,67,6.63,2,0.13,08,9R,晴,西,2,1,2020_11_6,1-6-5,9530,1-5-6,3370,1-6,1840,1-6,1500,2020_11_6_08_9R
620,1,6,3978,齊藤仁,40,53,6.70,6,0.13,08,10R,晴,北西,1,0,2020_11_6,6-1-5,25460,1-5-6,930,6-1,9270,1-6,1800,2020_11_6_08_10R
621,2,1,3719,辻栄蔵,36,16,6.67,1,0.20,08,10R,晴,北西,1,0,2020_11_6,6-1-5,25460,1-5-6,930,6-1,9270,1-6,1800,2020_11_6_08_10R
622,3,5,4586,磯部誠,35,51,6.66,5,0.10,08,10R,晴,北西,1,0,2020_11_6,6-1-5,25460,1-5-6,930,6-1,9270,1-6,1800,2020_11_6_08_10R
623,4,2,4024,井口佳典 ,2,41,6.69,2,0.23,08,10R,晴,北西,1,0,2020_11_6,6-1-5,25460,1-5-6,930,6-1,9270,1-6,1800,2020_11_6_08_10R
624,5,4,4294,古賀繁輝,33,54,6.72,4,0.17,08,10R,晴,北西,1,0,2020_11_6,6-1-5,25460,1-5-6,930,6-1,9270,1-6,1800,2020_11_6_08_10R
625,6,3,4808,松尾拓,46,30,6.74,3,0.36,08,10R,晴,北西,1,0,2020_11_6,6-1-5,25460,1-5-6,930,6-1,9270,1-6,1800,2020_11_6_08_10R
626,1,1,4418,茅原悠紀,11,46,6.65,1,0.08,08,11R,晴,西,1,0,2020_11_6,1-2-3,590,1-2-3,230,1-2,240,1-2,230,2020_11_6_08_11R
627,2,2,3941,池田浩二,39,37,6.71,2,0.07,08,11R,晴,西,1,0,2020_11_6,1-2-3,590,1-2-3,230,1-2,240,1-2,230,2020_11_6_08_11R
628,3,3,4013,中島孝平,55,56,6.74,3,0.09,08,11R,晴,西,1,0,2020_11_6,1-2-3,590,1-2-3,230,1-2,240,1-2,230,2020_11_6_08_11R
629,4,5,4174,赤坂俊輔,31,73,6.67,5,0.17,08,11R,晴,西,1,0,2020_11_6,1-2-3,590,1-2-3,230,1-2,240,1-2,230,2020_11_6_08_11R
630,5,4,4227,安達裕樹,29,17,6.74,4,0.17,08,11R,晴,西,1,0,2020_11_6,1-2-3,590,1-2-3,230,1-2,240,1-2,230,2020_11_6_08_11R
631,6,6,4760,山崎郡,49,75,6.71,6,0.16,08,11R,晴,西,1,0,2020_11_6,1-2-3,590,1-2-3,230,1-2,240,1-2,230,2020_11_6_08_11R
632,1,4,3388,今垣光太郎,37,23,6.68,4,0.01,08,12R,晴,無風,0,0,2020_11_6,4-5-3,10560,3-4-5,1750,4-5,2890,4-5,1850,2020_11_6_08_12R
633,2,5,3795,金子龍介 ,8,13,6.67,5,0.09,08,12R,晴,無風,0,0,2020_11_6,4-5-3,10560,3-4-5,1750,4-5,2890,4-5,1850,2020_11_6_08_12R
634,3,3,4074,柳沢一,26,21,6.71,3,0.04,08,12R,晴,無風,0,0,2020_11_6,4-5-3,10560,3-4-5,1750,4-5,2890,4-5,1850,2020_11_6_08_12R
635,4,1,4044,湯川浩司,16,60,6.65,1,0.06,08,12R,晴,無風,0,0,2020_11_6,4-5-3,10560,3-4-5,1750,4-5,2890,4-5,1850,2020_11_6_08_12R
636,5,6,4256,渡辺浩司,27,52,6.74,6,0.10,08,12R,晴,無風,0,0,2020_11_6,4-5-3,10560,3-4-5,1750,4-5,2890,4-5,1850,2020_11_6_08_12R
637,6,2,4488,小山勉,13,14,6.74,2,0.05,08,12R,晴,無風,0,0,2020_11_6,4-5-3,10560,3-4-5,1750,4-5,2890,4-5,1850,2020_11_6_08_12R
638,1,1,4467,渡邉俊介,29,36,6.69,1,0.15,07,1R,晴,西,1,0,2020_11_6,1-2-4,1090,1-2-4,330,1-2,700,1-2,420,2020_11_6_07_1R
639,2,2,4956,齊藤大将,54,39,6.74,2,0.25,07,1R,晴,西,1,0,2020_11_6,1-2-4,1090,1-2-4,330,1-2,700,1-2,420,2020_11_6_07_1R
640,3,4,4761,山田晃大,56,30,6.70,4,0.24,07,1R,晴,西,1,0,2020_11_6,1-2-4,1090,1-2-4,330,1-2,700,1-2,420,2020_11_6_07_1R
641,4,3,3433,諏訪忠宏,32,22,6.79,3,0.23,07,1R,晴,西,1,0,2020_11_6,1-2-4,1090,1-2-4,330,1-2,700,1-2,420,2020_11_6_07_1R
642,5,5,5063,大塚雅治,50,18,6.70,5,0.20,07,1R,晴,西,1,0,2020_11_6,1-2-4,1090,1-2-4,330,1-2,700,1-2,420,2020_11_6_07_1R
643,6,6,5166,仲道大輔,57,21,6.74,6,0.18,07,1R,晴,西,1,0,2020_11_6,1-2-4,1090,1-2-4,330,1-2,700,1-2,420,2020_11_6_07_1R
644,1,1,4039,村上功祐,70,58,6.76,1,0.18,07,2R,晴,西,1,0,2020_11_6,1-3-4,6170,1-3-4,4920,1-3,340,1-3,310,2020_11_6_07_2R
645,2,3,3482,金子猛志,49,45,6.69,3,0.14,07,2R,晴,西,1,0,2020_11_6,1-3-4,6170,1-3-4,4920,1-3,340,1-3,310,2020_11_6_07_2R
646,3,4,5128,坪井爽佑,43,40,6.76,5,0.16,07,2R,晴,西,1,0,2020_11_6,1-3-4,6170,1-3-4,4920,1-3,340,1-3,310,2020_11_6_07_2R
647,4,2,4949,横田貴満,53,37,6.70,2,0.12,07,2R,晴,西,1,0,2020_11_6,1-3-4,6170,1-3-4,4920,1-3,340,1-3,310,2020_11_6_07_2R
648,5,5,4062,後藤陽介,12,56,6.69,4,0.12,07,2R,晴,西,1,0,2020_11_6,1-3-4,6170,1-3-4,4920,1-3,340,1-3,310,2020_11_6_07_2R
649,1,1,3381,滝沢芳行,28,49,6.67,1,0.13,07,3R,晴,無風,0,0,2020_11_6,1-5-4,1740,1-4-5,370,1-5,770,1-5,590,2020_11_6_07_3R
650,2,5,3771,折下寛法,26,33,6.74,5,0.15,07,3R,晴,無風,0,0,2020_11_6,1-5-4,1740,1-4-5,370,1-5,770,1-5,590,2020_11_6_07_3R
651,3,4,4409,坂元浩仁,27,29,6.71,4,0.16,07,3R,晴,無風,0,0,2020_11_6,1-5-4,1740,1-4-5,370,1-5,770,1-5,590,2020_11_6_07_3R
652,4,3,3827,今泉徹,14,28,6.77,3,0.15,07,3R,晴,無風,0,0,2020_11_6,1-5-4,1740,1-4-5,370,1-5,770,1-5,590,2020_11_6_07_3R
653,5,6,3870,寺嶋雄,39,17,6.71,6,0.15,07,3R,晴,無風,0,0,2020_11_6,1-5-4,1740,1-4-5,370,1-5,770,1-5,590,2020_11_6_07_3R
654,6,2,5002,上田健太,38,13,6.67,2,0.23,07,3R,晴,無風,0,0,2020_11_6,1-5-4,1740,1-4-5,370,1-5,770,1-5,590,2020_11_6_07_3R
655,1,1,4579,中嶋健一郎,62,14,6.68,1,0.11,07,4R,晴,無風,0,0,2020_11_6,1-3-6,3430,1-3-6,1540,1-3,1320,1-3,1290,2020_11_6_07_4R
656,2,3,4989,石原翼,30,38,6.72,4,0.14,07,4R,晴,無風,0,0,2020_11_6,1-3-6,3430,1-3-6,1540,1-3,1320,1-3,1290,2020_11_6_07_4R
657,3,6,3687,花田和明,64,32,6.72,2,0.13,07,4R,晴,無風,0,0,2020_11_6,1-3-6,3430,1-3-6,1540,1-3,1320,1-3,1290,2020_11_6_07_4R
658,4,4,3692,竹腰正樹,34,35,6.76,5,0.15,07,4R,晴,無風,0,0,2020_11_6,1-3-6,3430,1-3-6,1540,1-3,1320,1-3,1290,2020_11_6_07_4R
659,5,2,4468,大池佑来,55,27,6.71,3,0.15,07,4R,晴,無風,0,0,2020_11_6,1-3-6,3430,1-3-6,1540,1-3,1320,1-3,1290,2020_11_6_07_4R
660,6,5,4944,田代達也,67,46,6.71,6,0.14,07,4R,晴,無風,0,0,2020_11_6,1-3-6,3430,1-3-6,1540,1-3,1320,1-3,1290,2020_11_6_07_4R
661,1,1,4748,渡邉雄朗,13,47,6.72,1,0.21,07,5R,晴,西,1,0,2020_11_6,1-6-4,770,1-4-6,160,1-6,350,1-6,310,2020_11_6_07_5R
662,2,6,4500,山田康二,58,25,6.82,5,0.17,07,5R,晴,西,1,0,2020_11_6,1-6-4,770,1-4-6,160,1-6,350,1-6,310,2020_11_6_07_5R
663,3,4,4233,亀山雅幸,51,26,6.75,3,0.19,07,5R,晴,西,1,0,2020_11_6,1-6-4,770,1-4-6,160,1-6,350,1-6,310,2020_11_6_07_5R
664,4,3,4956,齊藤大将,54,39,6.77,4,0.20,07,5R,晴,西,1,0,2020_11_6,1-6-4,770,1-4-6,160,1-6,350,1-6,310,2020_11_6_07_5R
665,5,5,5049,松井友汰,36,53,6.83,6,0.20,07,5R,晴,西,1,0,2020_11_6,1-6-4,770,1-4-6,160,1-6,350,1-6,310,2020_11_6_07_5R
666,6,2,4814,加藤裕太,65,50,6.76,2,0.19,07,5R,晴,西,1,0,2020_11_6,1-6-4,770,1-4-6,160,1-6,350,1-6,310,2020_11_6_07_5R
667,1,3,4483,北野輝季,37,41,6.83,3,0.17,07,6R,晴,西,2,1,2020_11_6,3-4-5,3580,3-4-5,1380,3-4,1480,3-4,630,2020_11_6_07_6R
668,2,4,4209,藤田竜弘,59,43,6.81,4,0.22,07,6R,晴,西,2,1,2020_11_6,3-4-5,3580,3-4-5,1380,3-4,1480,3-4,630,2020_11_6_07_6R
669,3,5,3591,後藤孝義,45,57,6.88,5,0.21,07,6R,晴,西,2,1,2020_11_6,3-4-5,3580,3-4-5,1380,3-4,1480,3-4,630,2020_11_6_07_6R
670,4,1,3699,富永正人,41,55,6.86,1,0.26,07,6R,晴,西,2,1,2020_11_6,3-4-5,3580,3-4-5,1380,3-4,1480,3-4,630,2020_11_6_07_6R
671,5,2,5063,大塚雅治,50,18,6.81,2,0.34,07,6R,晴,西,2,1,2020_11_6,3-4-5,3580,3-4-5,1380,3-4,1480,3-4,630,2020_11_6_07_6R
672,6,6,5128,坪井爽佑,43,40,6.86,6,0.23,07,6R,晴,西,2,1,2020_11_6,3-4-5,3580,3-4-5,1380,3-4,1480,3-4,630,2020_11_6_07_6R
673,1,3,4560,庄司樹良々,60,20,6.86,3,0.17,07,7R,晴,無風,0,0,2020_11_6,3-1-5,13670,1-3-5,530,3-1,5410,1-3,450,2020_11_6_07_7R
674,2,1,3256,三角哲男,35,48,6.84,1,0.13,07,7R,晴,無風,0,0,2020_11_6,3-1-5,13670,1-3-5,530,3-1,5410,1-3,450,2020_11_6_07_7R
675,3,5,4409,坂元浩仁,27,29,6.86,5,0.22,07,7R,晴,無風,0,0,2020_11_6,3-1-5,13670,1-3-5,530,3-1,5410,1-3,450,2020_11_6_07_7R
676,4,4,4796,春園功太,11,31,6.82,4,0.16,07,7R,晴,無風,0,0,2020_11_6,3-1-5,13670,1-3-5,530,3-1,5410,1-3,450,2020_11_6_07_7R
677,5,6,4949,横田貴満,53,37,6.81,6,0.25,07,7R,晴,無風,0,0,2020_11_6,3-1-5,13670,1-3-5,530,3-1,5410,1-3,450,2020_11_6_07_7R
678,6,2,3433,諏訪忠宏,32,22,6.90,2,0.27,07,7R,晴,無風,0,0,2020_11_6,3-1-5,13670,1-3-5,530,3-1,5410,1-3,450,2020_11_6_07_7R
679,1,1,3664,鈴木賢一,40,59,6.83,1,0.11,07,8R,晴,西,1,0,2020_11_6,1-5-2,2530,1-2-5,340,1-5,1010,1-5,1090,2020_11_6_07_8R
680,2,5,3877,松浦博人,33,24,6.87,5,0.16,07,8R,晴,西,1,0,2020_11_6,1-5-2,2530,1-2-5,340,1-5,1010,1-5,1090,2020_11_6_07_8R
681,3,2,3422,服部幸男,52,54,6.79,2,0.13,07,8R,晴,西,1,0,2020_11_6,1-5-2,2530,1-2-5,340,1-5,1010,1-5,1090,2020_11_6_07_8R
682,4,3,3692,竹腰正樹,34,35,6.86,3,0.15,07,8R,晴,西,1,0,2020_11_6,1-5-2,2530,1-2-5,340,1-5,1010,1-5,1090,2020_11_6_07_8R
683,5,6,3827,今泉徹,14,28,6.92,6,0.24,07,8R,晴,西,1,0,2020_11_6,1-5-2,2530,1-2-5,340,1-5,1010,1-5,1090,2020_11_6_07_8R
684,6,4,4062,後藤陽介,12,56,6.79,4,0.15,07,8R,晴,西,1,0,2020_11_6,1-5-2,2530,1-2-5,340,1-5,1010,1-5,1090,2020_11_6_07_8R
685,1,1,4140,梶野学志,63,15,6.76,1,0.13,07,9R,晴,無風,0,0,2020_11_6,1-3-4,390,1-3-4,230,1-3,180,1-3,180,2020_11_6_07_9R
686,2,3,4199,北川潤二,66,23,6.76,3,0.17,07,9R,晴,無風,0,0,2020_11_6,1-3-4,390,1-3-4,230,1-3,180,1-3,180,2020_11_6_07_9R
687,3,4,4254,川島圭司,69,52,6.74,4,0.18,07,9R,晴,無風,0,0,2020_11_6,1-3-4,390,1-3-4,230,1-3,180,1-3,180,2020_11_6_07_9R
688,4,6,4233,亀山雅幸,51,26,6.82,6,0.25,07,9R,晴,無風,0,0,2020_11_6,1-3-4,390,1-3-4,230,1-3,180,1-3,180,2020_11_6_07_9R
689,5,2,4944,田代達也,67,46,6.78,2,0.20,07,9R,晴,無風,0,0,2020_11_6,1-3-4,390,1-3-4,230,1-3,180,1-3,180,2020_11_6_07_9R
690,6,5,5002,上田健太,38,13,6.76,5,0.27,07,9R,晴,無風,0,0,2020_11_6,1-3-4,390,1-3-4,230,1-3,180,1-3,180,2020_11_6_07_9R
691,1,1,4269,杉山裕也,31,16,6.74,1,0.21,07,10R,晴,無風,0,0,2020_11_6,1-2-4,530,1-2-4,270,1-2,240,1-2,170,2020_11_6_07_10R
692,2,2,3327,野長瀬正孝,61,51,6.81,2,0.26,07,10R,晴,無風,0,0,2020_11_6,1-2-4,530,1-2-4,270,1-2,240,1-2,170,2020_11_6_07_10R
693,3,4,3687,花田和明,64,32,6.84,4,0.25,07,10R,晴,無風,0,0,2020_11_6,1-2-4,530,1-2-4,270,1-2,240,1-2,170,2020_11_6_07_10R
694,4,6,4761,山田晃大,56,30,6.75,6,0.20,07,10R,晴,無風,0,0,2020_11_6,1-2-4,530,1-2-4,270,1-2,240,1-2,170,2020_11_6_07_10R
695,5,5,3699,富永正人,41,55,6.83,5,0.26,07,10R,晴,無風,0,0,2020_11_6,1-2-4,530,1-2-4,270,1-2,240,1-2,170,2020_11_6_07_10R
696,6,3,3870,寺嶋雄,39,17,6.80,3,0.26,07,10R,晴,無風,0,0,2020_11_6,1-2-4,530,1-2-4,270,1-2,240,1-2,170,2020_11_6_07_10R
697,1,1,4796,春園功太,11,31,6.79,1,0.15,07,11R,晴,無風,0,0,2020_11_6,1-3-5,1090,1-3-5,590,1-3,350,1-3,350,2020_11_6_07_11R
698,2,3,3771,折下寛法,26,33,6.83,3,0.18,07,11R,晴,無風,0,0,2020_11_6,1-3-5,1090,1-3-5,590,1-3,350,1-3,350,2020_11_6_07_11R
699,3,5,4579,中嶋健一郎,62,14,6.79,5,0.21,07,11R,晴,無風,0,0,2020_11_6,1-3-5,1090,1-3-5,590,1-3,350,1-3,350,2020_11_6_07_11R
700,4,2,4039,村上功祐,70,58,6.84,2,0.19,07,11R,晴,無風,0,0,2020_11_6,1-3-5,1090,1-3-5,590,1-3,350,1-3,350,2020_11_6_07_11R
701,5,4,4748,渡邉雄朗,13,47,6.73,4,0.25,07,11R,晴,無風,0,0,2020_11_6,1-3-5,1090,1-3-5,590,1-3,350,1-3,350,2020_11_6_07_11R
702,6,6,4209,藤田竜弘,59,43,6.78,6,0.21,07,11R,晴,無風,0,0,2020_11_6,1-3-5,1090,1-3-5,590,1-3,350,1-3,350,2020_11_6_07_11R
703,1,5,4140,梶野学志,63,15,6.83,5,0.11,07,12R,晴,無風,0,0,2020_11_6,5-1-3,19530,1-3-5,1390,5-1,3460,1-5,780,2020_11_6_07_12R
704,2,1,3422,服部幸男,52,54,6.79,1,0.10,07,12R,晴,無風,0,0,2020_11_6,5-1-3,19530,1-3-5,1390,5-1,3460,1-5,780,2020_11_6_07_12R
705,3,3,4468,大池佑来,55,27,6.84,3,0.08,07,12R,晴,無風,0,0,2020_11_6,5-1-3,19530,1-3-5,1390,5-1,3460,1-5,780,2020_11_6_07_12R
706,4,2,3256,三角哲男,35,48,6.83,2,0.08,07,12R,晴,無風,0,0,2020_11_6,5-1-3,19530,1-3-5,1390,5-1,3460,1-5,780,2020_11_6_07_12R
707,5,4,4500,山田康二,58,25,6.80,4,0.09,07,12R,晴,無風,0,0,2020_11_6,5-1-3,19530,1-3-5,1390,5-1,3460,1-5,780,2020_11_6_07_12R
708,6,6,4483,北野輝季,37,41,6.84,6,0.14,07,12R,晴,無風,0,0,2020_11_6,5-1-3,19530,1-3-5,1390,5-1,3460,1-5,780,2020_11_6_07_12R
709,1,3,4694,高田綾,70,29,6.68,3,0.12,03,1R,曇り,北,3,5,2020_11_6,3-4-2,3430,2-3-4,490,3-4,1540,3-4,950,2020_11_6_03_1R
710,2,4,4088,野田祥子,34,24,6.80,4,0.34,03,1R,曇り,北,3,5,2020_11_6,3-4-2,3430,2-3-4,490,3-4,1540,3-4,950,2020_11_6_03_1R
711,3,2,4998,中村かなえ,65,43,6.61,2,0.07,03,1R,曇り,北,3,5,2020_11_6,3-4-2,3430,2-3-4,490,3-4,1540,3-4,950,2020_11_6_03_1R
712,4,1,4338,飯田佳江,62,60,6.65,1,0.31,03,1R,曇り,北,3,5,2020_11_6,3-4-2,3430,2-3-4,490,3-4,1540,3-4,950,2020_11_6_03_1R
713,5,5,5108,柴田愛梨,10,34,6.83,5,0.47,03,1R,曇り,北,3,5,2020_11_6,3-4-2,3430,2-3-4,490,3-4,1540,3-4,950,2020_11_6_03_1R
714,6,6,5078,山川波乙,19,10,6.65,6,0.57,03,1R,曇り,北,3,5,2020_11_6,3-4-2,3430,2-3-4,490,3-4,1540,3-4,950,2020_11_6_03_1R
715,1,1,4283,石井裕美,71,13,6.60,1,0.21,03,2R,曇り,北,4,0,2020_11_6,1-6-3,4420,1-3-6,710,1-6,1910,1-6,1210,2020_11_6_03_2R
716,2,6,4994,山本梨菜,43,25,6.56,6,0.22,03,2R,曇り,北,4,0,2020_11_6,1-6-3,4420,1-3-6,710,1-6,1910,1-6,1210,2020_11_6_03_2R
717,3,3,5045,平川香織,48,36,6.63,3,0.23,03,2R,曇り,北,4,0,2020_11_6,1-6-3,4420,1-3-6,710,1-6,1910,1-6,1210,2020_11_6_03_2R
718,4,5,4913,清水さくら,63,31,6.65,5,0.18,03,2R,曇り,北,4,0,2020_11_6,1-6-3,4420,1-3-6,710,1-6,1910,1-6,1210,2020_11_6_03_2R
719,5,2,4997,濱崎寿里矢,52,65,6.67,2,0.21,03,2R,曇り,北,4,0,2020_11_6,1-6-3,4420,1-3-6,710,1-6,1910,1-6,1210,2020_11_6_03_2R
720,6,4,4854,大橋由珠,30,12,6.63,4,0.19,03,2R,曇り,北,4,0,2020_11_6,1-6-3,4420,1-3-6,710,1-6,1910,1-6,1210,2020_11_6_03_2R
721,1,3,4556,竹井奈美,60,64,6.61,3,0.16,03,3R,曇り,北,4,5,2020_11_6,3-1-2,3610,1-2-3,750,3-1,810,1-3,440,2020_11_6_03_3R
722,2,1,4690,高石梨菜,24,21,6.65,1,0.16,03,3R,曇り,北,4,5,2020_11_6,3-1-2,3610,1-2-3,750,3-1,810,1-3,440,2020_11_6_03_3R
723,3,2,4243,西村歩,54,59,6.63,2,0.21,03,3R,曇り,北,4,5,2020_11_6,3-1-2,3610,1-2-3,750,3-1,810,1-3,440,2020_11_6_03_3R
724,4,6,4781,西舘果里,51,62,6.62,6,0.13,03,3R,曇り,北,4,5,2020_11_6,3-1-2,3610,1-2-3,750,3-1,810,1-3,440,2020_11_6_03_3R
725,5,5,4714,喜多須杏奈,41,56,6.68,5,0.21,03,3R,曇り,北,4,5,2020_11_6,3-1-2,3610,1-2-3,750,3-1,810,1-3,440,2020_11_6_03_3R
726,6,4,4525,真子奈津実,53,26,6.70,4,0.16,03,3R,曇り,北,4,5,2020_11_6,3-1-2,3610,1-2-3,750,3-1,810,1-3,440,2020_11_6_03_3R
727,1,3,4927,関野文,39,11,6.65,3,0.15,03,4R,曇り,北,3,5,2020_11_6,3-1-4,2800,1-3-4,310,3-1,1080,1-3,280,2020_11_6_03_4R
728,2,1,4823,中村桃佳,69,38,6.63,1,0.14,03,4R,曇り,北,3,5,2020_11_6,3-1-4,2800,1-3-4,310,3-1,1080,1-3,280,2020_11_6_03_4R
729,3,4,4590,渡邉優美,46,69,6.70,4,0.18,03,4R,曇り,北,3,5,2020_11_6,3-1-4,2800,1-3-4,310,3-1,1080,1-3,280,2020_11_6_03_4R
730,4,6,4289,落合直子,37,67,6.64,6,0.16,03,4R,曇り,北,3,5,2020_11_6,3-1-4,2800,1-3-4,310,3-1,1080,1-3,280,2020_11_6_03_4R
731,5,2,5079,大石真央,58,57,6.68,2,0.24,03,4R,曇り,北,3,5,2020_11_6,3-1-4,2800,1-3-4,310,3-1,1080,1-3,280,2020_11_6_03_4R
732,6,5,3704,本部めぐみ,13,40,6.76,5,0.18,03,4R,曇り,北,3,5,2020_11_6,3-1-4,2800,1-3-4,310,3-1,1080,1-3,280,2020_11_6_03_4R
733,1,4,4938,小芦るり華,21,39,6.66,4,0.21,03,5R,曇り,北,3,5,2020_11_6,4-1-6,22230,1-4-6,3450,4-1,3430,1-4,840,2020_11_6_03_5R
734,2,1,4998,中村かなえ,65,43,6.61,1,0.14,03,5R,曇り,北,3,5,2020_11_6,4-1-6,22230,1-4-6,3450,4-1,3430,1-4,840,2020_11_6_03_5R
735,3,6,4746,大豆生田蒼,57,51,6.60,6,0.11,03,5R,曇り,北,3,5,2020_11_6,4-1-6,22230,1-4-6,3450,4-1,3430,1-4,840,2020_11_6_03_5R
736,4,2,4304,藤崎小百合,11,33,6.69,2,0.23,03,5R,曇り,北,3,5,2020_11_6,4-1-6,22230,1-4-6,3450,4-1,3430,1-4,840,2020_11_6_03_5R
737,5,3,4501,樋口由加里,47,15,6.65,3,0.15,03,5R,曇り,北,3,5,2020_11_6,4-1-6,22230,1-4-6,3450,4-1,3430,1-4,840,2020_11_6_03_5R
738,6,5,4464,山下友貴,67,27,6.64,5,0.17,03,5R,曇り,北,3,5,2020_11_6,4-1-6,22230,1-4-6,3450,4-1,3430,1-4,840,2020_11_6_03_5R
739,1,2,4893,渡邉真奈美,64,23,6.65,2,0.17,03,6R,曇り,北東,2,5,2020_11_6,2-4-1,5530,1-2-4,700,2-4,2350,2-4,1150,2020_11_6_03_6R
740,2,4,4546,浜田亜理沙,55,37,6.66,4,0.23,03,6R,曇り,北東,2,5,2020_11_6,2-4-1,5530,1-2-4,700,2-4,2350,2-4,1150,2020_11_6_03_6R
741,3,1,4680,後藤美翼,36,63,6.62,1,0.14,03,6R,曇り,北東,2,5,2020_11_6,2-4-1,5530,1-2-4,700,2-4,2350,2-4,1150,2020_11_6_03_6R
742,4,3,4372,原田佑実,56,53,6.66,3,0.18,03,6R,曇り,北東,2,5,2020_11_6,2-4-1,5530,1-2-4,700,2-4,2350,2-4,1150,2020_11_6_03_6R
743,5,6,5108,柴田愛梨,10,34,6.66,6,0.25,03,6R,曇り,北東,2,5,2020_11_6,2-4-1,5530,1-2-4,700,2-4,2350,2-4,1150,2020_11_6_03_6R
744,6,5,4997,濱崎寿里矢,52,65,6.67,5,0.22,03,6R,曇り,北東,2,5,2020_11_6,2-4-1,5530,1-2-4,700,2-4,2350,2-4,1150,2020_11_6_03_6R
745,1,3,4901,出口舞有子,66,16,6.74,3,0.17,03,7R,曇り,北東,2,5,2020_11_6,3-2-4,5480,2-3-4,1360,3-2,1130,2-3,730,2020_11_6_03_7R
746,2,2,3604,武藤綾子,20,54,6.69,2,0.18,03,7R,曇り,北東,2,5,2020_11_6,3-2-4,5480,2-3-4,1360,3-2,1130,2-3,730,2020_11_6_03_7R
747,3,4,4243,西村歩,54,59,6.69,4,0.19,03,7R,曇り,北東,2,5,2020_11_6,3-2-4,5480,2-3-4,1360,3-2,1130,2-3,730,2020_11_6_03_7R
748,4,6,4050,田口節子,45,55,6.79,6,0.18,03,7R,曇り,北東,2,5,2020_11_6,3-2-4,5480,2-3-4,1360,3-2,1130,2-3,730,2020_11_6_03_7R
749,5,1,4913,清水さくら,63,31,6.75,1,0.26,03,7R,曇り,北東,2,5,2020_11_6,3-2-4,5480,2-3-4,1360,3-2,1130,2-3,730,2020_11_6_03_7R
750,6,5,4338,飯田佳江,62,60,6.76,5,0.16,03,7R,曇り,北東,2,5,2020_11_6,3-2-4,5480,2-3-4,1360,3-2,1130,2-3,730,2020_11_6_03_7R
751,1,2,4823,中村桃佳,69,38,6.71,2,0.08,03,8R,曇り,北東,1,5,2020_11_6,2-3-4,860,2-3-4,300,2-3,440,2-3,240,2020_11_6_03_8R
752,2,3,4447,深川麻奈美,50,14,6.68,3,0.09,03,8R,曇り,北東,1,5,2020_11_6,2-3-4,860,2-3-4,300,2-3,440,2-3,240,2020_11_6_03_8R
753,3,4,4781,西舘果里,51,62,6.66,4,0.24,03,8R,曇り,北東,1,5,2020_11_6,2-3-4,860,2-3-4,300,2-3,440,2-3,240,2020_11_6_03_8R
754,4,1,5021,計盛光,17,61,6.72,1,0.06,03,8R,曇り,北東,1,5,2020_11_6,2-3-4,860,2-3-4,300,2-3,440,2-3,240,2020_11_6_03_8R
755,5,5,4994,山本梨菜,43,25,6.70,5,0.28,03,8R,曇り,北東,1,5,2020_11_6,2-3-4,860,2-3-4,300,2-3,440,2-3,240,2020_11_6_03_8R
756,6,6,4843,深尾巴恵,15,28,6.58,6,0.25,03,8R,曇り,北東,1,5,2020_11_6,2-3-4,860,2-3-4,300,2-3,440,2-3,240,2020_11_6_03_8R
757,1,1,4304,藤崎小百合,11,33,6.74,1,0.16,03,9R,曇り,東,2,5,2020_11_6,1-6-4,1600,1-4-6,580,1-6,630,1-6,410,2020_11_6_03_9R
758,2,6,4556,竹井奈美,60,64,6.74,6,0.15,03,9R,曇り,東,2,5,2020_11_6,1-6-4,1600,1-4-6,580,1-6,630,1-6,410,2020_11_6_03_9R
759,3,4,4283,石井裕美,71,13,6.70,4,0.29,03,9R,曇り,東,2,5,2020_11_6,1-6-4,1600,1-4-6,580,1-6,630,1-6,410,2020_11_6_03_9R
760,4,3,3302,谷川里江,33,52,6.81,3,0.18,03,9R,曇り,東,2,5,2020_11_6,1-6-4,1600,1-4-6,580,1-6,630,1-6,410,2020_11_6_03_9R
761,5,5,5079,大石真央,58,57,6.85,5,0.16,03,9R,曇り,東,2,5,2020_11_6,1-6-4,1600,1-4-6,580,1-6,630,1-6,410,2020_11_6_03_9R
762,6,2,4993,下野京香,26,47,6.73,2,0.21,03,9R,曇り,東,2,5,2020_11_6,1-6-4,1600,1-4-6,580,1-6,630,1-6,410,2020_11_6_03_9R
763,1,1,4546,浜田亜理沙,55,37,6.72,1,0.14,03,10R,曇り,北東,3,5,2020_11_6,1-4-2,6470,1-2-4,1370,1-4,2240,1-4,1610,2020_11_6_03_10R
764,2,4,3486,渋田治代,32,46,6.77,4,0.09,03,10R,曇り,北東,3,5,2020_11_6,1-4-2,6470,1-2-4,1370,1-4,2240,1-4,1610,2020_11_6_03_10R
765,3,2,4714,喜多須杏奈,41,56,6.81,2,0.09,03,10R,曇り,北東,3,5,2020_11_6,1-4-2,6470,1-2-4,1370,1-4,2240,1-4,1610,2020_11_6_03_10R
766,4,3,4878,西岡育未,27,19,6.73,3,0.08,03,10R,曇り,北東,3,5,2020_11_6,1-4-2,6470,1-2-4,1370,1-4,2240,1-4,1610,2020_11_6_03_10R
767,5,6,4927,関野文,39,11,6.75,6,0.17,03,10R,曇り,北東,3,5,2020_11_6,1-4-2,6470,1-2-4,1370,1-4,2240,1-4,1610,2020_11_6_03_10R
768,6,5,4501,樋口由加里,47,15,6.77,5,0.15,03,10R,曇り,北東,3,5,2020_11_6,1-4-2,6470,1-2-4,1370,1-4,2240,1-4,1610,2020_11_6_03_10R
769,1,1,4590,渡邉優美,46,69,6.78,1,0.22,03,11R,曇り,北東,3,5,2020_11_6,1-3-5,810,1-3-5,350,1-3,290,1-3,170,2020_11_6_03_11R
770,2,3,4050,田口節子,45,55,6.78,3,0.23,03,11R,曇り,北東,3,5,2020_11_6,1-3-5,810,1-3-5,350,1-3,290,1-3,170,2020_11_6_03_11R
771,3,5,4372,原田佑実,56,53,6.79,5,0.21,03,11R,曇り,北東,3,5,2020_11_6,1-3-5,810,1-3-5,350,1-3,290,1-3,170,2020_11_6_03_11R
772,4,6,4694,高田綾,70,29,6.80,6,0.25,03,11R,曇り,北東,3,5,2020_11_6,1-3-5,810,1-3-5,350,1-3,290,1-3,170,2020_11_6_03_11R
773,5,2,4746,大豆生田蒼,57,51,6.77,2,0.21,03,11R,曇り,北東,3,5,2020_11_6,1-3-5,810,1-3-5,350,1-3,290,1-3,170,2020_11_6_03_11R
774,6,4,5045,平川香織,48,36,6.74,4,0.31,03,11R,曇り,北東,3,5,2020_11_6,1-3-5,810,1-3-5,350,1-3,290,1-3,170,2020_11_6_03_11R
775,1,1,4447,深川麻奈美,50,14,6.83,1,0.17,03,12R,曇り,北東,3,5,2020_11_6,1-5-4,1510,1-4-5,550,1-5,450,1-5,390,2020_11_6_03_12R
776,2,5,4901,出口舞有子,66,16,6.77,5,0.12,03,12R,曇り,北東,3,5,2020_11_6,1-5-4,1510,1-4-5,550,1-5,450,1-5,390,2020_11_6_03_12R
777,3,4,4569,中澤宏奈,28,32,6.76,4,0.11,03,12R,曇り,北東,3,5,2020_11_6,1-5-4,1510,1-4-5,550,1-5,450,1-5,390,2020_11_6_03_12R
778,4,6,4525,真子奈津実,53,26,6.78,6,0.20,03,12R,曇り,北東,3,5,2020_11_6,1-5-4,1510,1-4-5,550,1-5,450,1-5,390,2020_11_6_03_12R
779,5,2,4464,山下友貴,67,27,6.81,2,0.26,03,12R,曇り,北東,3,5,2020_11_6,1-5-4,1510,1-4-5,550,1-5,450,1-5,390,2020_11_6_03_12R
780,6,3,4893,渡邉真奈美,64,23,6.77,3,0.17,03,12R,曇り,北東,3,5,2020_11_6,1-5-4,1510,1-4-5,550,1-5,450,1-5,390,2020_11_6_03_12R
781,1,3,4327,加藤翔,36,65,6.65,3,0.12,02,1R,曇り,無風,0,0,2020_11_6,3-6-4,10350,3-4-6,2700,3-6,740,3-6,540,2020_11_6_02_1R
782,2,6,3716,石渡鉄兵,33,20,6.71,6,0.21,02,1R,曇り,無風,0,0,2020_11_6,3-6-4,10350,3-4-6,2700,3-6,740,3-6,540,2020_11_6_02_1R
783,3,4,5062,田嶋塁,65,76,6.76,4,0.21,02,1R,曇り,無風,0,0,2020_11_6,3-6-4,10350,3-4-6,2700,3-6,740,3-6,540,2020_11_6_02_1R
784,4,2,3867,松浦勝,46,67,6.81,2,0.20,02,1R,曇り,無風,0,0,2020_11_6,3-6-4,10350,3-4-6,2700,3-6,740,3-6,540,2020_11_6_02_1R
785,5,5,3107,平岡重典,58,31,6.71,5,0.18,02,1R,曇り,無風,0,0,2020_11_6,3-6-4,10350,3-4-6,2700,3-6,740,3-6,540,2020_11_6_02_1R
786,6,1,4973,栗原直也,43,37,6.65,1,0.49,02,1R,曇り,無風,0,0,2020_11_6,3-6-4,10350,3-4-6,2700,3-6,740,3-6,540,2020_11_6_02_1R
787,1,2,4417,服部剛,31,61,6.68,2,0.21,02,2R,曇り,無風,0,0,2020_11_6,2-1-5,7920,1-2-5,3510,2-1,1610,1-2,700,2020_11_6_02_2R
788,2,1,5051,松本純平,59,57,6.67,1,0.12,02,2R,曇り,無風,0,0,2020_11_6,2-1-5,7920,1-2-5,3510,2-1,1610,1-2,700,2020_11_6_02_2R
789,3,5,4491,田中堅,24,45,6.78,5,0.28,02,2R,曇り,無風,0,0,2020_11_6,2-1-5,7920,1-2-5,3510,2-1,1610,1-2,700,2020_11_6_02_2R
790,4,6,5132,中野希一,35,15,6.70,6,0.12,02,2R,曇り,無風,0,0,2020_11_6,2-1-5,7920,1-2-5,3510,2-1,1610,1-2,700,2020_11_6_02_2R
791,5,4,3968,茶谷信次,37,60,6.65,4,0.13,02,2R,曇り,無風,0,0,2020_11_6,2-1-5,7920,1-2-5,3510,2-1,1610,1-2,700,2020_11_6_02_2R
792,6,3,4976,金山立樹,62,77,6.72,3,0.19,02,2R,曇り,無風,0,0,2020_11_6,2-1-5,7920,1-2-5,3510,2-1,1610,1-2,700,2020_11_6_02_2R
793,1,1,4540,相原利章,29,41,6.77,1,0.11,02,3R,曇り,西,1,0,2020_11_6,1-5-2,1740,1-2-5,480,1-5,570,1-5,350,2020_11_6_02_3R
794,2,5,3940,飯山泰,27,33,6.71,5,0.12,02,3R,曇り,西,1,0,2020_11_6,1-5-2,1740,1-2-5,480,1-5,570,1-5,350,2020_11_6_02_3R
795,3,2,3065,増田弘喜,45,68,6.66,2,0.11,02,3R,曇り,西,1,0,2020_11_6,1-5-2,1740,1-2-5,480,1-5,570,1-5,350,2020_11_6_02_3R
796,4,3,4651,佐藤大騎,52,18,6.74,3,0.14,02,3R,曇り,西,1,0,2020_11_6,1-5-2,1740,1-2-5,480,1-5,570,1-5,350,2020_11_6_02_3R
797,5,6,4273,佐藤旭,32,32,6.73,6,0.13,02,3R,曇り,西,1,0,2020_11_6,1-5-2,1740,1-2-5,480,1-5,570,1-5,350,2020_11_6_02_3R
798,6,4,3315,広瀬聖仁,44,38,6.72,4,0.15,02,3R,曇り,西,1,0,2020_11_6,1-5-2,1740,1-2-5,480,1-5,570,1-5,350,2020_11_6_02_3R
799,1,1,5042,畑田汰一,64,50,6.66,1,0.07,02,4R,曇り,無風,0,0,2020_11_6,1-5-3,1670,1-3-5,590,1-5,570,1-5,340,2020_11_6_02_4R
800,2,5,3997,北村征嗣,34,28,6.70,5,0.14,02,4R,曇り,無風,0,0,2020_11_6,1-5-3,1670,1-3-5,590,1-5,570,1-5,340,2020_11_6_02_4R
801,3,3,5017,澤田尚也,56,46,6.77,3,0.12,02,4R,曇り,無風,0,0,2020_11_6,1-5-3,1670,1-3-5,590,1-5,570,1-5,340,2020_11_6_02_4R
802,4,6,4837,酒井陽祐,53,71,6.80,6,0.12,02,4R,曇り,無風,0,0,2020_11_6,1-5-3,1670,1-3-5,590,1-5,570,1-5,340,2020_11_6_02_4R
803,5,4,4528,黒井達矢,54,73,6.78,4,0.13,02,4R,曇り,無風,0,0,2020_11_6,1-5-3,1670,1-3-5,590,1-5,570,1-5,340,2020_11_6_02_4R
804,6,2,3313,本吉正樹,55,43,6.72,2,0.11,02,4R,曇り,無風,0,0,2020_11_6,1-5-3,1670,1-3-5,590,1-5,570,1-5,340,2020_11_6_02_4R
805,1,2,5047,國分将太郎,47,47,6.66,2,0.13,02,5R,曇り,無風,0,0,2020_11_6,2-3-1,10600,1-2-3,670,2-3,5610,2-3,1700,2020_11_6_02_5R
806,2,3,3995,重野哲之,61,75,6.68,3,0.15,02,5R,曇り,無風,0,0,2020_11_6,2-3-1,10600,1-2-3,670,2-3,5610,2-3,1700,2020_11_6_02_5R
807,3,1,4146,柳橋宏紀,49,27,6.68,1,0.09,02,5R,曇り,無風,0,0,2020_11_6,2-3-1,10600,1-2-3,670,2-3,5610,2-3,1700,2020_11_6_02_5R
808,4,4,3455,谷本幸司,41,72,6.68,4,0.18,02,5R,曇り,無風,0,0,2020_11_6,2-3-1,10600,1-2-3,670,2-3,5610,2-3,1700,2020_11_6_02_5R
809,5,6,3698,小巻良至,26,58,6.84,6,0.23,02,5R,曇り,無風,0,0,2020_11_6,2-3-1,10600,1-2-3,670,2-3,5610,2-3,1700,2020_11_6_02_5R
810,6,5,3947,寺本昇平,39,34,6.64,5,0.16,02,5R,曇り,無風,0,0,2020_11_6,2-3-1,10600,1-2-3,670,2-3,5610,2-3,1700,2020_11_6_02_5R
811,1,1,3560,太田克哉,22,44,6.65,1,0.09,02,6R,曇り,無風,0,0,2020_11_6,1-6-4,6220,1-4-6,570,1-6,2950,1-6,1650,2020_11_6_02_6R
812,2,6,4104,木下陽介,57,24,6.57,6,0.14,02,6R,曇り,無風,0,0,2020_11_6,1-6-4,6220,1-4-6,570,1-6,2950,1-6,1650,2020_11_6_02_6R
813,3,4,3716,石渡鉄兵,33,20,6.74,4,0.09,02,6R,曇り,無風,0,0,2020_11_6,1-6-4,6220,1-4-6,570,1-6,2950,1-6,1650,2020_11_6_02_6R
814,4,3,3748,小黒竜吾,48,40,6.74,3,0.12,02,6R,曇り,無風,0,0,2020_11_6,1-6-4,6220,1-4-6,570,1-6,2950,1-6,1650,2020_11_6_02_6R
815,5,5,3945,橋口真樹,60,48,6.66,5,0.17,02,6R,曇り,無風,0,0,2020_11_6,1-6-4,6220,1-4-6,570,1-6,2950,1-6,1650,2020_11_6_02_6R
816,6,2,4751,鈴木諒祐,25,11,6.61,2,0.18,02,6R,曇り,無風,0,0,2020_11_6,1-6-4,6220,1-4-6,570,1-6,2950,1-6,1650,2020_11_6_02_6R
817,1,1,3319,山崎義明,63,19,6.65,1,0.17,02,7R,曇り,無風,0,0,2020_11_6,1-4-2,920,1-2-4,330,1-4,360,1-4,340,2020_11_6_02_7R
818,2,4,3107,平岡重典,58,31,6.73,4,0.28,02,7R,曇り,無風,0,0,2020_11_6,1-4-2,920,1-2-4,330,1-4,360,1-4,340,2020_11_6_02_7R
819,3,2,4540,相原利章,29,41,6.69,2,0.22,02,7R,曇り,無風,0,0,2020_11_6,1-4-2,920,1-2-4,330,1-4,360,1-4,340,2020_11_6_02_7R
820,4,3,4417,服部剛,31,61,6.70,3,0.26,02,7R,曇り,無風,0,0,2020_11_6,1-4-2,920,1-2-4,330,1-4,360,1-4,340,2020_11_6_02_7R
821,5,5,5035,櫻井優,28,49,6.80,5,0.31,02,7R,曇り,無風,0,0,2020_11_6,1-4-2,920,1-2-4,330,1-4,360,1-4,340,2020_11_6_02_7R
822,6,6,4815,伏島祐介,30,62,6.73,6,0.29,02,7R,曇り,無風,0,0,2020_11_6,1-4-2,920,1-2-4,330,1-4,360,1-4,340,2020_11_6_02_7R
823,1,1,4651,佐藤大騎,52,18,6.55,1,0.11,02,8R,曇り,無風,0,0,2020_11_6,1-3-4,2980,1-3-4,820,1-3,740,1-3,660,2020_11_6_02_8R
824,2,3,4779,伊倉光 ,5,16,6.64,3,0.15,02,8R,曇り,無風,0,0,2020_11_6,1-3-4,2980,1-3-4,820,1-3,740,1-3,660,2020_11_6_02_8R
825,3,4,4837,酒井陽祐,53,71,6.61,4,0.12,02,8R,曇り,無風,0,0,2020_11_6,1-3-4,2980,1-3-4,820,1-3,740,1-3,660,2020_11_6_02_8R
826,4,6,3968,茶谷信次,37,60,6.71,6,0.20,02,8R,曇り,無風,0,0,2020_11_6,1-3-4,2980,1-3-4,820,1-3,740,1-3,660,2020_11_6_02_8R
827,5,2,4327,加藤翔,36,65,6.65,2,0.12,02,8R,曇り,無風,0,0,2020_11_6,1-3-4,2980,1-3-4,820,1-3,740,1-3,660,2020_11_6_02_8R
828,6,5,3647,伊藤雄二,38,52,6.71,5,0.17,02,8R,曇り,無風,0,0,2020_11_6,1-3-4,2980,1-3-4,820,1-3,740,1-3,660,2020_11_6_02_8R
829,1,2,3997,北村征嗣,34,28,6.63,2,0.13,02,9R,曇り,無風,0,0,2020_11_6,2-1-3,1360,1-2-3,560,2-1,370,1-2,190,2020_11_6_02_9R
830,2,1,3065,増田弘喜,45,68,6.68,1,0.08,02,9R,曇り,無風,0,0,2020_11_6,2-1-3,1360,1-2-3,560,2-1,370,1-2,190,2020_11_6_02_9R
831,3,3,3867,松浦勝,46,67,6.75,3,0.16,02,9R,曇り,無風,0,0,2020_11_6,2-1-3,1360,1-2-3,560,2-1,370,1-2,190,2020_11_6_02_9R
832,4,5,4889,後藤盛也,42,13,6.75,5,0.21,02,9R,曇り,無風,0,0,2020_11_6,2-1-3,1360,1-2-3,560,2-1,370,1-2,190,2020_11_6_02_9R
833,5,4,4146,柳橋宏紀,49,27,6.72,4,0.12,02,9R,曇り,無風,0,0,2020_11_6,2-1-3,1360,1-2-3,560,2-1,370,1-2,190,2020_11_6_02_9R
834,6,6,4491,田中堅,24,45,6.79,6,0.28,02,9R,曇り,無風,0,0,2020_11_6,2-1-3,1360,1-2-3,560,2-1,370,1-2,190,2020_11_6_02_9R
835,1,4,3859,多羅尾達之,40,59,6.69,4,0.09,02,10R,曇り,無風,0,0,2020_11_6,4-1-6,19440,1-4-6,4270,4-1,3670,1-4,1030,2020_11_6_02_10R
836,2,1,5017,澤田尚也,56,46,6.69,1,0.12,02,10R,曇り,無風,0,0,2020_11_6,4-1-6,19440,1-4-6,4270,4-1,3670,1-4,1030,2020_11_6_02_10R
837,3,6,3455,谷本幸司,41,72,6.80,6,0.17,02,10R,曇り,無風,0,0,2020_11_6,4-1-6,19440,1-4-6,4270,4-1,3670,1-4,1030,2020_11_6_02_10R
838,4,2,3940,飯山泰,27,33,6.61,2,0.16,02,10R,曇り,無風,0,0,2020_11_6,4-1-6,19440,1-4-6,4270,4-1,3670,1-4,1030,2020_11_6_02_10R
839,5,5,3594,塚原武之,51,30,6.74,5,0.14,02,10R,曇り,無風,0,0,2020_11_6,4-1-6,19440,1-4-6,4270,4-1,3670,1-4,1030,2020_11_6_02_10R
840,6,3,3560,太田克哉,22,44,6.64,3,0.21,02,10R,曇り,無風,0,0,2020_11_6,4-1-6,19440,1-4-6,4270,4-1,3670,1-4,1030,2020_11_6_02_10R
841,1,3,3319,山崎義明,63,19,6.72,3,0.14,02,11R,晴,無風,0,0,2020_11_6,3-1-4,2220,1-3-4,520,3-1,610,1-3,210,2020_11_6_02_11R
842,2,1,4528,黒井達矢,54,73,6.66,1,0.14,02,11R,晴,無風,0,0,2020_11_6,3-1-4,2220,1-3-4,520,3-1,610,1-3,210,2020_11_6_02_11R
843,3,4,4273,佐藤旭,32,32,6.73,4,0.23,02,11R,晴,無風,0,0,2020_11_6,3-1-4,2220,1-3-4,520,3-1,610,1-3,210,2020_11_6_02_11R
844,4,5,4104,木下陽介,57,24,6.70,5,0.17,02,11R,晴,無風,0,0,2020_11_6,3-1-4,2220,1-3-4,520,3-1,610,1-3,210,2020_11_6_02_11R
845,5,2,4731,間野兼礼,50,74,6.69,2,0.29,02,11R,晴,無風,0,0,2020_11_6,3-1-4,2220,1-3-4,520,3-1,610,1-3,210,2020_11_6_02_11R
846,6,6,3947,寺本昇平,39,34,6.62,6,0.19,02,11R,晴,無風,0,0,2020_11_6,3-1-4,2220,1-3-4,520,3-1,610,1-3,210,2020_11_6_02_11R
847,1,1,3995,重野哲之,61,75,6.74,1,0.16,02,12R,晴,西,1,0,2020_11_6,1-4-2,750,1-2-4,260,1-4,300,1-4,220,2020_11_6_02_12R
848,2,4,5042,畑田汰一,64,50,6.65,4,0.11,02,12R,晴,西,1,0,2020_11_6,1-4-2,750,1-2-4,260,1-4,300,1-4,220,2020_11_6_02_12R
849,3,2,3748,小黒竜吾,48,40,6.67,2,0.15,02,12R,晴,西,1,0,2020_11_6,1-4-2,750,1-2-4,260,1-4,300,1-4,220,2020_11_6_02_12R
850,4,6,3315,広瀬聖仁,44,38,6.73,6,0.22,02,12R,晴,西,1,0,2020_11_6,1-4-2,750,1-2-4,260,1-4,300,1-4,220,2020_11_6_02_12R
851,5,5,4779,伊倉光 ,5,16,6.71,5,0.12,02,12R,晴,西,1,0,2020_11_6,1-4-2,750,1-2-4,260,1-4,300,1-4,220,2020_11_6_02_12R
852,6,3,4815,伏島祐介,30,62,6.73,3,0.10,02,12R,晴,西,1,0,2020_11_6,1-4-2,750,1-2-4,260,1-4,300,1-4,220,2020_11_6_02_12R
