,着,艇番,選手登番,選手名,モーター,ボート,展示,進入,スタートタイミング,場所,R,天気,風向,風量,波,日時,3連単_結果,3連単_払戻,3連複_結果,3連複_払戻,2連単_結果,2連単_払戻,2連複_結果,2連複_払戻,RaceID
0,1,6,4919,吉田翔悟,74,14,7.09,5,0.12,24,1R,曇り,南,6,5,2020_11_19,6-4-2,17510,2-4-6,2560,6-4,2840,4-6,1310,2020_11_19_24_1R
1,2,4,3224,栗山繁洋,59,67,7.16,4,0.12,24,1R,曇り,南,6,5,2020_11_19,6-4-2,17510,2-4-6,2560,6-4,2840,4-6,1310,2020_11_19_24_1R
2,3,2,3370,坪内実,40,23,7.18,2,0.16,24,1R,曇り,南,6,5,2020_11_19,6-4-2,17510,2-4-6,2560,6-4,2840,4-6,1310,2020_11_19_24_1R
3,4,3,5048,眞鳥康太,19,64,7.10,3,0.18,24,1R,曇り,南,6,5,2020_11_19,6-4-2,17510,2-4-6,2560,6-4,2840,4-6,1310,2020_11_19_24_1R
4,5,1,3571,寺本武司,33,12,7.25,1,0.14,24,1R,曇り,南,6,5,2020_11_19,6-4-2,17510,2-4-6,2560,6-4,2840,4-6,1310,2020_11_19_24_1R
5,6,5,5083,柳瀬幹太,63,22,7.17,6,0.16,24,1R,曇り,南,6,5,2020_11_19,6-4-2,17510,2-4-6,2560,6-4,2840,4-6,1310,2020_11_19_24_1R
6,1,2,4905,土井祥伍,21,18,7.22,2,0.21,24,2R,曇り,南,6,5,2020_11_19,2-1-4,5940,1-2-4,680,2-1,2650,1-2,790,2020_11_19_24_2R
7,2,1,3753,河上哲也,29,30,7.52,1,0.17,24,2R,曇り,南,6,5,2020_11_19,2-1-4,5940,1-2-4,680,2-1,2650,1-2,790,2020_11_19_24_2R
8,3,4,4413,水摩敦,56,59,7.37,4,0.08,24,2R,曇り,南,6,5,2020_11_19,2-1-4,5940,1-2-4,680,2-1,2650,1-2,790,2020_11_19_24_2R
9,4,6,4315,山崎昂介,30,61,7.34,6,0.21,24,2R,曇り,南,6,5,2020_11_19,2-1-4,5940,1-2-4,680,2-1,2650,1-2,790,2020_11_19_24_2R
10,5,3,4498,宮本夏樹,68,76,7.39,3,0.09,24,2R,曇り,南,6,5,2020_11_19,2-1-4,5940,1-2-4,680,2-1,2650,1-2,790,2020_11_19_24_2R
11,6,5,3935,岩津徹郎,22,32,7.31,5,0.19,24,2R,曇り,南,6,5,2020_11_19,2-1-4,5940,1-2-4,680,2-1,2650,1-2,790,2020_11_19_24_2R
12,1,6,3654,武田光史,39,55,7.21,5,0.18,24,3R,曇り,南,8,7,2020_11_19,6-1-4,13090,1-4-6,1800,6-1,2580,1-6,620,2020_11_19_24_3R
13,2,1,3587,武田信一,51,16,7.22,1,0.13,24,3R,曇り,南,8,7,2020_11_19,6-1-4,13090,1-4-6,1800,6-1,2580,1-6,620,2020_11_19_24_3R
14,3,4,3338,出本正博,70,45,7.19,4,0.24,24,3R,曇り,南,8,7,2020_11_19,6-1-4,13090,1-4-6,1800,6-1,2580,1-6,620,2020_11_19_24_3R
15,4,3,4424,松尾昂明,46,20,7.18,3,0.17,24,3R,曇り,南,8,7,2020_11_19,6-1-4,13090,1-4-6,1800,6-1,2580,1-6,620,2020_11_19_24_3R
16,5,5,5145,島川海輝,37,70,7.14,6,0.25,24,3R,曇り,南,8,7,2020_11_19,6-1-4,13090,1-4-6,1800,6-1,2580,1-6,620,2020_11_19_24_3R
17,1,1,4596,葛原大陽,65,33,7.38,2,0.19,24,4R,雨,南,8,7,2020_11_19,1-5-6,25120,1-5-6,2870,1-5,4940,1-5,5170,2020_11_19_24_4R
18,2,5,4395,下河雅史,58,13,7.23,6,0.35,24,4R,雨,南,8,7,2020_11_19,1-5-6,25120,1-5-6,2870,1-5,4940,1-5,5170,2020_11_19_24_4R
19,3,6,3919,村上純,35,38,7.49,1,0.22,24,4R,雨,南,8,7,2020_11_19,1-5-6,25120,1-5-6,2870,1-5,4940,1-5,5170,2020_11_19_24_4R
20,4,3,4977,馬野耀,18,27,7.23,4,0.29,24,4R,雨,南,8,7,2020_11_19,1-5-6,25120,1-5-6,2870,1-5,4940,1-5,5170,2020_11_19_24_4R
21,5,2,3883,山根大樹,52,56,7.40,3,0.21,24,4R,雨,南,8,7,2020_11_19,1-5-6,25120,1-5-6,2870,1-5,4940,1-5,5170,2020_11_19_24_4R
22,6,4,4624,高田明,43,52,7.20,5,0.35,24,4R,雨,南,8,7,2020_11_19,1-5-6,25120,1-5-6,2870,1-5,4940,1-5,5170,2020_11_19_24_4R
23,1,1,3684,清水攻二,53,40,7.48,1,0.19,24,5R,雨,南,9,8,2020_11_19,1-2-3,1060,1-2-3,280,1-2,550,1-2,510,2020_11_19_24_5R
24,2,2,3508,久富政弘,41,57,7.40,2,0.22,24,5R,雨,南,9,8,2020_11_19,1-2-3,1060,1-2-3,280,1-2,550,1-2,510,2020_11_19_24_5R
25,3,3,3562,山下和彦,57,15,7.42,3,0.20,24,5R,雨,南,9,8,2020_11_19,1-2-3,1060,1-2-3,280,1-2,550,1-2,510,2020_11_19_24_5R
26,4,4,3869,井芹大志,16,71,7.36,4,0.27,24,5R,雨,南,9,8,2020_11_19,1-2-3,1060,1-2-3,280,1-2,550,1-2,510,2020_11_19_24_5R
27,5,5,4692,酒井俊弘,28,28,7.37,5,0.27,24,5R,雨,南,9,8,2020_11_19,1-2-3,1060,1-2-3,280,1-2,550,1-2,510,2020_11_19_24_5R
28,6,6,3658,阪本聖秀,38,39,7.48,6,0.34,24,5R,雨,南,9,8,2020_11_19,1-2-3,1060,1-2-3,280,1-2,550,1-2,510,2020_11_19_24_5R
29,1,1,4367,山口修路,54,31,7.12,1,0.17,24,6R,雨,南,0,9,2020_11_19,1-4-3,1330,1-3-4,410,1-4,420,1-4,420,2020_11_19_24_6R
30,2,4,4311,岡村仁,50,43,7.20,4,0.14,24,6R,雨,南,0,9,2020_11_19,1-4-3,1330,1-3-4,410,1-4,420,1-4,420,2020_11_19_24_6R
31,3,3,3837,秋山広一,34,26,7.46,3,0.14,24,6R,雨,南,0,9,2020_11_19,1-4-3,1330,1-3-4,410,1-4,420,1-4,420,2020_11_19_24_6R
32,4,5,4932,新開航,27,58,7.24,5,0.17,24,6R,雨,南,0,9,2020_11_19,1-4-3,1330,1-3-4,410,1-4,420,1-4,420,2020_11_19_24_6R
33,5,2,4636,赤池修平,60,25,7.35,2,0.24,24,6R,雨,南,0,9,2020_11_19,1-4-3,1330,1-3-4,410,1-4,420,1-4,420,2020_11_19_24_6R
34,6,6,3224,栗山繁洋,59,67,7.36,6,0.20,24,6R,雨,南,0,9,2020_11_19,1-4-3,1330,1-3-4,410,1-4,420,1-4,420,2020_11_19_24_6R
35,1,1,4498,宮本夏樹,68,76,7.31,1,0.07,24,7R,雨,南,9,8,2020_11_19,1-3-2,1560,1-2-3,470,1-3,280,1-3,170,2020_11_19_24_7R
36,2,3,4324,海野康志郎,13,63,7.25,3,0.10,24,7R,雨,南,9,8,2020_11_19,1-3-2,1560,1-2-3,470,1-3,280,1-3,170,2020_11_19_24_7R
37,3,2,3571,寺本武司,33,12,7.26,2,0.12,24,7R,雨,南,9,8,2020_11_19,1-3-2,1560,1-2-3,470,1-3,280,1-3,170,2020_11_19_24_7R
38,4,5,4710,福田宗平,61,34,7.16,5,0.17,24,7R,雨,南,9,8,2020_11_19,1-3-2,1560,1-2-3,470,1-3,280,1-3,170,2020_11_19_24_7R
39,5,4,4471,新田泰章,14,50,7.15,4,0.24,24,7R,雨,南,9,8,2020_11_19,1-3-2,1560,1-2-3,470,1-3,280,1-3,170,2020_11_19_24_7R
40,6,6,5145,島川海輝,37,70,7.05,6,0.06,24,7R,雨,南,9,8,2020_11_19,1-3-2,1560,1-2-3,470,1-3,280,1-3,170,2020_11_19_24_7R
41,1,4,4395,下河雅史,58,13,7.24,4,0.23,24,8R,雨,南,9,8,2020_11_19,4-1-6,3130,1-4-6,300,4-1,1850,1-4,290,2020_11_19_24_8R
42,2,1,4193,郷原章平,45,11,7.17,1,0.19,24,8R,雨,南,9,8,2020_11_19,4-1-6,3130,1-4-6,300,4-1,1850,1-4,290,2020_11_19_24_8R
43,3,6,4500,山田康二,12,69,7.10,6,0.18,24,8R,雨,南,9,8,2020_11_19,4-1-6,3130,1-4-6,300,4-1,1850,1-4,290,2020_11_19_24_8R
44,4,2,4315,山崎昂介,30,61,7.40,2,0.23,24,8R,雨,南,9,8,2020_11_19,4-1-6,3130,1-4-6,300,4-1,1850,1-4,290,2020_11_19_24_8R
45,5,5,3949,今出晋二,64,24,7.32,5,0.18,24,8R,雨,南,9,8,2020_11_19,4-1-6,3130,1-4-6,300,4-1,1850,1-4,290,2020_11_19_24_8R
46,6,3,3587,武田信一,51,16,7.30,3,0.17,24,8R,雨,南,9,8,2020_11_19,4-1-6,3130,1-4-6,300,4-1,1850,1-4,290,2020_11_19_24_8R
47,1,1,3562,山下和彦,57,15,7.11,1,0.34,24,9R,雨,東,6,5,2020_11_19,1-6-2,1950,1-2-6,350,1-6,760,1-6,1070,2020_11_19_24_9R
48,2,6,4237,大峯豊,36,35,7.14,6,0.19,24,9R,雨,東,6,5,2020_11_19,1-6-2,1950,1-2-6,350,1-6,760,1-6,1070,2020_11_19_24_9R
49,3,2,3919,村上純,35,38,7.24,2,0.38,24,9R,雨,東,6,5,2020_11_19,1-6-2,1950,1-2-6,350,1-6,760,1-6,1070,2020_11_19_24_9R
50,4,5,4403,木下大將,55,47,7.16,5,0.22,24,9R,雨,東,6,5,2020_11_19,1-6-2,1950,1-2-6,350,1-6,760,1-6,1070,2020_11_19_24_9R
51,5,3,4919,吉田翔悟,74,14,7.23,3,0.24,24,9R,雨,東,6,5,2020_11_19,1-6-2,1950,1-2-6,350,1-6,760,1-6,1070,2020_11_19_24_9R
52,6,4,4834,浜本裕己,67,53,7.11,4,0.25,24,9R,雨,東,6,5,2020_11_19,1-6-2,1950,1-2-6,350,1-6,760,1-6,1070,2020_11_19_24_9R
53,1,1,4932,新開航,27,58,7.01,1,0.11,24,10R,雨,南,9,8,2020_11_19,1-4-5,4280,1-4-5,2540,1-4,1030,1-4,900,2020_11_19_24_10R
54,2,4,3935,岩津徹郎,22,32,7.06,4,0.11,24,10R,雨,南,9,8,2020_11_19,1-4-5,4280,1-4-5,2540,1-4,1030,1-4,900,2020_11_19_24_10R
55,3,5,3684,清水攻二,53,40,7.07,5,0.15,24,10R,雨,南,9,8,2020_11_19,1-4-5,4280,1-4-5,2540,1-4,1030,1-4,900,2020_11_19_24_10R
56,4,2,4977,馬野耀,18,27,7.06,2,0.13,24,10R,雨,南,9,8,2020_11_19,1-4-5,4280,1-4-5,2540,1-4,1030,1-4,900,2020_11_19_24_10R
57,5,6,4424,松尾昂明,46,20,6.97,6,0.13,24,10R,雨,南,9,8,2020_11_19,1-4-5,4280,1-4-5,2540,1-4,1030,1-4,900,2020_11_19_24_10R
58,1,4,4596,葛原大陽,65,33,7.30,4,0.13,24,11R,雨,南,7,6,2020_11_19,4-6-1,87910,1-4-6,3530,4-6,20260,4-6,27280,2020_11_19_24_11R
59,2,6,4692,酒井俊弘,28,28,7.17,6,0.08,24,11R,雨,南,7,6,2020_11_19,4-6-1,87910,1-4-6,3530,4-6,20260,4-6,27280,2020_11_19_24_11R
60,3,1,4413,水摩敦,56,59,7.22,1,0.21,24,11R,雨,南,7,6,2020_11_19,4-6-1,87910,1-4-6,3530,4-6,20260,4-6,27280,2020_11_19_24_11R
61,4,2,4311,岡村仁,50,43,7.19,2,0.14,24,11R,雨,南,7,6,2020_11_19,4-6-1,87910,1-4-6,3530,4-6,20260,4-6,27280,2020_11_19_24_11R
62,5,3,4193,郷原章平,45,11,7.22,3,0.13,24,11R,雨,南,7,6,2020_11_19,4-6-1,87910,1-4-6,3530,4-6,20260,4-6,27280,2020_11_19_24_11R
63,6,5,4471,新田泰章,14,50,7.26,5,0.12,24,11R,雨,南,7,6,2020_11_19,4-6-1,87910,1-4-6,3530,4-6,20260,4-6,27280,2020_11_19_24_11R
64,1,1,4324,海野康志郎,13,63,7.09,1,0.30,24,12R,雨,北東,2,1,2020_11_19,1-3-4,760,1-3-4,440,1-3,240,1-3,240,2020_11_19_24_12R
65,2,3,4500,山田康二,12,69,7.06,3,0.35,24,12R,雨,北東,2,1,2020_11_19,1-3-4,760,1-3-4,440,1-3,240,1-3,240,2020_11_19_24_12R
66,3,4,3654,武田光史,39,55,7.11,4,0.37,24,12R,雨,北東,2,1,2020_11_19,1-3-4,760,1-3-4,440,1-3,240,1-3,240,2020_11_19_24_12R
67,4,5,4237,大峯豊,36,35,7.08,5,0.34,24,12R,雨,北東,2,1,2020_11_19,1-3-4,760,1-3-4,440,1-3,240,1-3,240,2020_11_19_24_12R
68,5,6,3837,秋山広一,34,26,7.14,6,0.34,24,12R,雨,北東,2,1,2020_11_19,1-3-4,760,1-3-4,440,1-3,240,1-3,240,2020_11_19_24_12R
69,6,2,4624,高田明,43,52,7.11,2,0.34,24,12R,雨,北東,2,1,2020_11_19,1-3-4,760,1-3-4,440,1-3,240,1-3,240,2020_11_19_24_12R
70,1,1,3736,岡本猛,18,88,6.80,1,0.16,23,1R,晴,南西,7,7,2020_11_19,1-2-3,1200,1-2-3,410,1-2,540,1-2,430,2020_11_19_23_1R
71,2,2,5014,梶山涼斗,65,52,6.87,2,0.14,23,1R,晴,南西,7,7,2020_11_19,1-2-3,1200,1-2-3,410,1-2,540,1-2,430,2020_11_19_23_1R
72,3,3,4879,山崎鉄平,44,90,6.88,3,0.17,23,1R,晴,南西,7,7,2020_11_19,1-2-3,1200,1-2-3,410,1-2,540,1-2,430,2020_11_19_23_1R
73,4,5,3755,吉村和也,56,43,6.84,5,0.21,23,1R,晴,南西,7,7,2020_11_19,1-2-3,1200,1-2-3,410,1-2,540,1-2,430,2020_11_19_23_1R
74,5,4,4969,町田洸希,66,57,6.84,4,0.26,23,1R,晴,南西,7,7,2020_11_19,1-2-3,1200,1-2-3,410,1-2,540,1-2,430,2020_11_19_23_1R
75,6,6,4749,山口貢輝,62,47,6.87,6,0.21,23,1R,晴,南西,7,7,2020_11_19,1-2-3,1200,1-2-3,410,1-2,540,1-2,430,2020_11_19_23_1R
76,1,1,3784,中島友和,27,37,6.79,1,0.18,23,2R,晴,南西,7,7,2020_11_19,1-2-3,340,1-2-3,160,1-2,150,1-2,140,2020_11_19_23_2R
77,2,2,4739,中村晃朋,30,65,6.90,2,0.14,23,2R,晴,南西,7,7,2020_11_19,1-2-3,340,1-2-3,160,1-2,150,1-2,140,2020_11_19_23_2R
78,3,3,5041,荒牧凪沙,22,40,6.83,3,0.14,23,2R,晴,南西,7,7,2020_11_19,1-2-3,340,1-2-3,160,1-2,150,1-2,140,2020_11_19_23_2R
79,4,4,3211,北川敏弘,31,45,6.93,4,0.12,23,2R,晴,南西,7,7,2020_11_19,1-2-3,340,1-2-3,160,1-2,150,1-2,140,2020_11_19_23_2R
80,5,5,5031,渡辺空依,67,58,6.88,5,0.14,23,2R,晴,南西,7,7,2020_11_19,1-2-3,340,1-2-3,160,1-2,150,1-2,140,2020_11_19_23_2R
81,6,6,5143,常盤海心,37,61,6.86,6,0.27,23,2R,晴,南西,7,7,2020_11_19,1-2-3,340,1-2-3,160,1-2,150,1-2,140,2020_11_19_23_2R
82,1,1,4000,松本博昭,50,34,6.81,1,0.24,23,3R,晴,南,7,7,2020_11_19,1-3-4,670,1-3-4,340,1-3,260,1-3,190,2020_11_19_23_3R
83,2,3,4907,小池修平,32,89,6.85,3,0.24,23,3R,晴,南,7,7,2020_11_19,1-3-4,670,1-3-4,340,1-3,260,1-3,190,2020_11_19_23_3R
84,3,4,4264,長尾章平,47,56,6.87,4,0.20,23,3R,晴,南,7,7,2020_11_19,1-3-4,670,1-3-4,340,1-3,260,1-3,190,2020_11_19_23_3R
85,4,2,4991,宗行治哉,17,53,6.83,2,0.27,23,3R,晴,南,7,7,2020_11_19,1-3-4,670,1-3-4,340,1-3,260,1-3,190,2020_11_19_23_3R
86,5,5,5064,品川二千翔,61,42,6.88,5,0.19,23,3R,晴,南,7,7,2020_11_19,1-3-4,670,1-3-4,340,1-3,260,1-3,190,2020_11_19_23_3R
87,6,6,5059,冨田祥,48,64,6.90,6,0.26,23,3R,晴,南,7,7,2020_11_19,1-3-4,670,1-3-4,340,1-3,260,1-3,190,2020_11_19_23_3R
88,1,1,4434,田中辰彦,57,33,6.81,1,0.23,23,4R,曇り,南,7,7,2020_11_19,1-3-4,1850,1-3-4,520,1-3,1080,1-3,800,2020_11_19_23_4R
89,2,3,3295,濱村芳宏,54,66,6.85,3,0.19,23,4R,曇り,南,7,7,2020_11_19,1-3-4,1850,1-3-4,520,1-3,1080,1-3,800,2020_11_19_23_4R
90,3,4,4288,永田啓二,13,63,6.85,4,0.17,23,4R,曇り,南,7,7,2020_11_19,1-3-4,1850,1-3-4,520,1-3,1080,1-3,800,2020_11_19_23_4R
91,4,2,4146,柳橋宏紀,53,73,6.77,2,0.21,23,4R,曇り,南,7,7,2020_11_19,1-3-4,1850,1-3-4,520,1-3,1080,1-3,800,2020_11_19_23_4R
92,5,5,4060,島田一生,63,87,6.80,5,0.18,23,4R,曇り,南,7,7,2020_11_19,1-3-4,1850,1-3-4,520,1-3,1080,1-3,800,2020_11_19_23_4R
93,6,6,5084,末永和也,29,72,6.86,6,0.24,23,4R,曇り,南,7,7,2020_11_19,1-3-4,1850,1-3-4,520,1-3,1080,1-3,800,2020_11_19_23_4R
94,1,2,3963,原田秀弥,24,36,6.80,2,0.27,23,5R,曇り,南,8,8,2020_11_19,2-1-3,5920,1-2-3,1210,2-1,860,1-2,340,2020_11_19_23_5R
95,2,1,4557,松尾光広,69,83,6.81,1,0.41,23,5R,曇り,南,8,8,2020_11_19,2-1-3,5920,1-2-3,1210,2-1,860,1-2,340,2020_11_19_23_5R
96,3,3,3507,藤井徹,51,69,6.85,3,0.31,23,5R,曇り,南,8,8,2020_11_19,2-1-3,5920,1-2-3,1210,2-1,860,1-2,340,2020_11_19_23_5R
97,4,4,3737,上平真二,55,38,6.86,4,0.34,23,5R,曇り,南,8,8,2020_11_19,2-1-3,5920,1-2-3,1210,2-1,860,1-2,340,2020_11_19_23_5R
98,5,5,3708,岡部貴司,41,49,6.84,5,0.37,23,5R,曇り,南,8,8,2020_11_19,2-1-3,5920,1-2-3,1210,2-1,860,1-2,340,2020_11_19_23_5R
99,6,6,4747,山戸信二,70,62,6.85,6,0.33,23,5R,曇り,南,8,8,2020_11_19,2-1-3,5920,1-2-3,1210,2-1,860,1-2,340,2020_11_19_23_5R
100,1,2,4669,井上茂,58,74,6.86,2,0.01,23,6R,曇り,南,7,7,2020_11_19,2-4-3,8500,2-3-4,930,2-4,2690,2-4,1150,2020_11_19_23_6R
101,2,4,4816,村松修二,68,85,6.82,4,0.10,23,6R,曇り,南,7,7,2020_11_19,2-4-3,8500,2-3-4,930,2-4,2690,2-4,1150,2020_11_19_23_6R
102,3,3,3703,鳥飼眞,15,55,6.82,3,0.06,23,6R,曇り,南,7,7,2020_11_19,2-4-3,8500,2-3-4,930,2-4,2690,2-4,1150,2020_11_19_23_6R
103,4,6,4969,町田洸希,66,57,6.89,6,0.12,23,6R,曇り,南,7,7,2020_11_19,2-4-3,8500,2-3-4,930,2-4,2690,2-4,1150,2020_11_19_23_6R
104,5,5,4254,川島圭司,49,82,6.85,5,0.10,23,6R,曇り,南,7,7,2020_11_19,2-4-3,8500,2-3-4,930,2-4,2690,2-4,1150,2020_11_19_23_6R
105,1,4,4503,上野真之介,60,75,6.92,1,0.29,23,7R,曇り,南,8,8,2020_11_19,4-3-5,1030,3-4-5,330,4-3,300,3-4,200,2020_11_19_23_7R
106,2,3,4116,川田正人,42,60,6.85,5,0.39,23,7R,曇り,南,8,8,2020_11_19,4-3-5,1030,3-4-5,330,4-3,300,3-4,200,2020_11_19_23_7R
107,3,5,4151,下河誉史,46,59,6.86,3,0.42,23,7R,曇り,南,8,8,2020_11_19,4-3-5,1030,3-4-5,330,4-3,300,3-4,200,2020_11_19_23_7R
108,4,2,5029,中亮太,59,51,6.87,4,0.41,23,7R,曇り,南,8,8,2020_11_19,4-3-5,1030,3-4-5,330,4-3,300,3-4,200,2020_11_19_23_7R
109,5,1,5031,渡辺空依,67,58,6.84,2,0.37,23,7R,曇り,南,8,8,2020_11_19,4-3-5,1030,3-4-5,330,4-3,300,3-4,200,2020_11_19_23_7R
110,6,6,5064,品川二千翔,61,42,6.82,6,0.56,23,7R,曇り,南,8,8,2020_11_19,4-3-5,1030,3-4-5,330,4-3,300,3-4,200,2020_11_19_23_7R
111,1,3,4638,小林遼太,40,71,6.78,3,0.23,23,8R,晴,南,7,7,2020_11_19,3-1-2,1240,1-2-3,190,3-1,710,1-3,200,2020_11_19_23_8R
112,2,1,3211,北川敏弘,31,45,6.81,1,0.19,23,8R,晴,南,7,7,2020_11_19,3-1-2,1240,1-2-3,190,3-1,710,1-3,200,2020_11_19_23_8R
113,3,2,3964,宮地博士,19,46,6.81,2,0.21,23,8R,晴,南,7,7,2020_11_19,3-1-2,1240,1-2-3,190,3-1,710,1-3,200,2020_11_19_23_8R
114,4,4,5059,冨田祥,48,64,6.81,4,0.20,23,8R,晴,南,7,7,2020_11_19,3-1-2,1240,1-2-3,190,3-1,710,1-3,200,2020_11_19_23_8R
115,5,5,5143,常盤海心,37,61,6.80,5,0.20,23,8R,晴,南,7,7,2020_11_19,3-1-2,1240,1-2-3,190,3-1,710,1-3,200,2020_11_19_23_8R
116,6,6,5014,梶山涼斗,65,52,6.84,6,0.21,23,8R,晴,南,7,7,2020_11_19,3-1-2,1240,1-2-3,190,3-1,710,1-3,200,2020_11_19_23_8R
117,1,1,3295,濱村芳宏,54,66,6.82,1,0.12,23,9R,曇り,南,7,7,2020_11_19,1-2-6,2120,1-2-6,1090,1-2,340,1-2,330,2020_11_19_23_9R
118,2,2,4747,山戸信二,70,62,6.91,2,0.11,23,9R,曇り,南,7,7,2020_11_19,1-2-6,2120,1-2-6,1090,1-2,340,1-2,330,2020_11_19_23_9R
119,3,6,3955,眞田英二,12,77,6.87,6,0.39,23,9R,曇り,南,7,7,2020_11_19,1-2-6,2120,1-2-6,1090,1-2,340,1-2,330,2020_11_19_23_9R
120,4,5,3615,横田茂,25,80,6.84,5,0.31,23,9R,曇り,南,7,7,2020_11_19,1-2-6,2120,1-2-6,1090,1-2,340,1-2,330,2020_11_19_23_9R
121,5,3,4981,牧山敦也,28,31,6.93,3,0.17,23,9R,曇り,南,7,7,2020_11_19,1-2-6,2120,1-2-6,1090,1-2,340,1-2,330,2020_11_19_23_9R
122,6,4,4991,宗行治哉,17,53,6.93,4,0.36,23,9R,曇り,南,7,7,2020_11_19,1-2-6,2120,1-2-6,1090,1-2,340,1-2,330,2020_11_19_23_9R
123,1,1,4816,村松修二,68,85,6.78,1,0.19,23,10R,曇り,南,7,7,2020_11_19,1-2-6,1530,1-2-6,700,1-2,190,1-2,200,2020_11_19_23_10R
124,2,2,4907,小池修平,32,89,6.82,2,0.14,23,10R,曇り,南,7,7,2020_11_19,1-2-6,1530,1-2-6,700,1-2,190,1-2,200,2020_11_19_23_10R
125,3,6,3736,岡本猛,18,88,6.78,6,0.19,23,10R,曇り,南,7,7,2020_11_19,1-2-6,1530,1-2-6,700,1-2,190,1-2,200,2020_11_19_23_10R
126,4,4,3963,原田秀弥,24,36,6.90,4,0.20,23,10R,曇り,南,7,7,2020_11_19,1-2-6,1530,1-2-6,700,1-2,190,1-2,200,2020_11_19_23_10R
127,5,3,4254,川島圭司,49,82,6.85,3,0.16,23,10R,曇り,南,7,7,2020_11_19,1-2-6,1530,1-2-6,700,1-2,190,1-2,200,2020_11_19_23_10R
128,6,5,4739,中村晃朋,30,65,6.88,5,0.19,23,10R,曇り,南,7,7,2020_11_19,1-2-6,1530,1-2-6,700,1-2,190,1-2,200,2020_11_19_23_10R
129,1,4,4434,田中辰彦,57,33,6.86,4,0.23,23,11R,雨,南,7,7,2020_11_19,4-2-5,33840,2-4-5,8930,4-2,10150,2-4,3210,2020_11_19_23_11R
130,2,2,3737,上平真二,55,38,6.86,2,0.31,23,11R,雨,南,7,7,2020_11_19,4-2-5,33840,2-4-5,8930,4-2,10150,2-4,3210,2020_11_19_23_11R
131,3,5,4669,井上茂,58,74,6.90,5,0.31,23,11R,雨,南,7,7,2020_11_19,4-2-5,33840,2-4-5,8930,4-2,10150,2-4,3210,2020_11_19_23_11R
132,4,1,4288,永田啓二,13,63,6.81,1,0.27,23,11R,雨,南,7,7,2020_11_19,4-2-5,33840,2-4-5,8930,4-2,10150,2-4,3210,2020_11_19_23_11R
133,5,6,4557,松尾光広,69,83,6.84,6,0.35,23,11R,雨,南,7,7,2020_11_19,4-2-5,33840,2-4-5,8930,4-2,10150,2-4,3210,2020_11_19_23_11R
134,6,3,3784,中島友和,27,37,6.82,3,0.38,23,11R,雨,南,7,7,2020_11_19,4-2-5,33840,2-4-5,8930,4-2,10150,2-4,3210,2020_11_19_23_11R
135,1,1,4503,上野真之介,60,75,6.83,1,0.13,23,12R,曇り,南,7,7,2020_11_19,1-3-4,1540,1-3-4,630,1-3,490,1-3,480,2020_11_19_23_12R
136,2,3,3708,岡部貴司,41,49,6.85,3,0.19,23,12R,曇り,南,7,7,2020_11_19,1-3-4,1540,1-3-4,630,1-3,490,1-3,480,2020_11_19_23_12R
137,3,4,4000,松本博昭,50,34,6.84,4,0.16,23,12R,曇り,南,7,7,2020_11_19,1-3-4,1540,1-3-4,630,1-3,490,1-3,480,2020_11_19_23_12R
138,4,2,3703,鳥飼眞,15,55,6.78,2,0.21,23,12R,曇り,南,7,7,2020_11_19,1-3-4,1540,1-3-4,630,1-3,490,1-3,480,2020_11_19_23_12R
139,5,6,4116,川田正人,42,60,6.81,6,0.21,23,12R,曇り,南,7,7,2020_11_19,1-3-4,1540,1-3-4,630,1-3,490,1-3,480,2020_11_19_23_12R
140,6,5,4146,柳橋宏紀,53,73,6.77,5,0.18,23,12R,曇り,南,7,7,2020_11_19,1-3-4,1540,1-3-4,630,1-3,490,1-3,480,2020_11_19_23_12R
141,1,1,3064,山崎昭生,71,122,7.06,1,0.09,22,1R,晴,南,5,5,2020_11_19,1-2-3,680,1-2-3,340,1-2,200,1-2,260,2020_11_19_22_1R
142,2,2,4979,中野夢斗,40,102,7.12,2,0.10,22,1R,晴,南,5,5,2020_11_19,1-2-3,680,1-2-3,340,1-2,200,1-2,260,2020_11_19_22_1R
143,3,3,4920,桐村翔太,27,114,7.03,3,0.11,22,1R,晴,南,5,5,2020_11_19,1-2-3,680,1-2-3,340,1-2,200,1-2,260,2020_11_19_22_1R
144,4,6,4429,豊田泰洋,73,146,7.12,5,0.19,22,1R,晴,南,5,5,2020_11_19,1-2-3,680,1-2-3,340,1-2,200,1-2,260,2020_11_19_22_1R
145,5,4,2935,幸本誠,19,161,7.05,4,0.22,22,1R,晴,南,5,5,2020_11_19,1-2-3,680,1-2-3,340,1-2,200,1-2,260,2020_11_19_22_1R
146,6,5,5158,宮脇遼太,11,153,7.09,6,0.22,22,1R,晴,南,5,5,2020_11_19,1-2-3,680,1-2-3,340,1-2,200,1-2,260,2020_11_19_22_1R
147,1,3,4002,古結宏,26,165,7.02,3,0.15,22,2R,晴,南,4,4,2020_11_19,3-6-5,19250,3-5-6,5000,3-6,6030,3-6,6190,2020_11_19_22_2R
148,2,6,4632,長尾京志郎,74,169,7.05,6,0.11,22,2R,晴,南,4,4,2020_11_19,3-6-5,19250,3-5-6,5000,3-6,6030,3-6,6190,2020_11_19_22_2R
149,3,5,4640,山ノ内雅人,49,162,7.02,5,0.12,22,2R,晴,南,4,4,2020_11_19,3-6-5,19250,3-5-6,5000,3-6,6030,3-6,6190,2020_11_19_22_2R
150,4,2,4952,吉武真也,41,140,6.96,2,0.19,22,2R,晴,南,4,4,2020_11_19,3-6-5,19250,3-5-6,5000,3-6,6030,3-6,6190,2020_11_19_22_2R
151,5,1,4314,青木幸太郎,36,160,7.10,1,0.15,22,2R,晴,南,4,4,2020_11_19,3-6-5,19250,3-5-6,5000,3-6,6030,3-6,6190,2020_11_19_22_2R
152,6,4,4817,渡邉翼,61,128,7.03,4,0.20,22,2R,晴,南,4,4,2020_11_19,3-6-5,19250,3-5-6,5000,3-6,6030,3-6,6190,2020_11_19_22_2R
153,1,1,3506,宮西真昭,32,118,6.97,1,0.19,22,3R,晴,南東,3,3,2020_11_19,1-4-2,4160,1-2-4,430,1-4,1680,1-4,710,2020_11_19_22_3R
154,2,4,4070,中村亮太,64,158,6.98,3,0.23,22,3R,晴,南東,3,3,2020_11_19,1-4-2,4160,1-2-4,430,1-4,1680,1-4,710,2020_11_19_22_3R
155,3,2,4483,北野輝季,22,107,6.99,2,0.24,22,3R,晴,南東,3,3,2020_11_19,1-4-2,4160,1-2-4,430,1-4,1680,1-4,710,2020_11_19_22_3R
156,4,3,4821,妻鳥晋也,50,173,7.00,5,0.29,22,3R,晴,南東,3,3,2020_11_19,1-4-2,4160,1-2-4,430,1-4,1680,1-4,710,2020_11_19_22_3R
157,5,5,4272,大場広孝,29,151,6.95,4,0.36,22,3R,晴,南東,3,3,2020_11_19,1-4-2,4160,1-2-4,430,1-4,1680,1-4,710,2020_11_19_22_3R
158,6,6,3261,大川茂実,60,142,6.98,6,0.33,22,3R,晴,南東,3,3,2020_11_19,1-4-2,4160,1-2-4,430,1-4,1680,1-4,710,2020_11_19_22_3R
159,1,2,4325,新出浩司,20,136,6.87,2,0.19,22,4R,曇り,南,3,3,2020_11_19,2-4-3,4120,2-3-4,590,2-4,2280,2-4,1470,2020_11_19_22_4R
160,2,4,4138,中井俊祐,75,133,6.92,4,0.18,22,4R,曇り,南,3,3,2020_11_19,2-4-3,4120,2-3-4,590,2-4,2280,2-4,1470,2020_11_19_22_4R
161,3,3,3484,芝田浩治,63,143,6.91,3,0.18,22,4R,曇り,南,3,3,2020_11_19,2-4-3,4120,2-3-4,590,2-4,2280,2-4,1470,2020_11_19_22_4R
162,4,5,4549,小林文彦,70,152,6.92,5,0.22,22,4R,曇り,南,3,3,2020_11_19,2-4-3,4120,2-3-4,590,2-4,2280,2-4,1470,2020_11_19_22_4R
163,5,6,3501,川上昇平,21,109,6.94,6,0.20,22,4R,曇り,南,3,3,2020_11_19,2-4-3,4120,2-3-4,590,2-4,2280,2-4,1470,2020_11_19_22_4R
164,6,1,3668,市川猛,68,150,6.93,1,0.18,22,4R,曇り,南,3,3,2020_11_19,2-4-3,4120,2-3-4,590,2-4,2280,2-4,1470,2020_11_19_22_4R
165,1,1,4021,吉田健太郎,48,108,6.96,1,0.17,22,5R,晴,南東,3,3,2020_11_19,1-5-4,3950,1-4-5,470,1-5,3300,1-5,2440,2020_11_19_22_5R
166,2,5,4041,小林基樹,31,125,7.02,5,0.17,22,5R,晴,南東,3,3,2020_11_19,1-5-4,3950,1-4-5,470,1-5,3300,1-5,2440,2020_11_19_22_5R
167,3,4,3685,荒井輝年,39,112,6.98,4,0.18,22,5R,晴,南東,3,3,2020_11_19,1-5-4,3950,1-4-5,470,1-5,3300,1-5,2440,2020_11_19_22_5R
168,4,2,3974,深山祐二,55,138,6.98,2,0.15,22,5R,晴,南東,3,3,2020_11_19,1-5-4,3950,1-4-5,470,1-5,3300,1-5,2440,2020_11_19_22_5R
169,5,6,5160,藤森陸斗,57,126,7.02,6,0.15,22,5R,晴,南東,3,3,2020_11_19,1-5-4,3950,1-4-5,470,1-5,3300,1-5,2440,2020_11_19_22_5R
170,6,3,4429,豊田泰洋,73,146,7.04,3,0.17,22,5R,晴,南東,3,3,2020_11_19,1-5-4,3950,1-4-5,470,1-5,3300,1-5,2440,2020_11_19_22_5R
171,1,1,4054,福嶋智之,15,139,6.99,1,0.21,22,6R,晴,南,3,3,2020_11_19,1-2-5,1070,1-2-5,410,1-2,250,1-2,280,2020_11_19_22_6R
172,2,2,4452,松尾祭,25,147,6.94,2,0.21,22,6R,晴,南,3,3,2020_11_19,1-2-5,1070,1-2-5,410,1-2,250,1-2,280,2020_11_19_22_6R
173,3,5,4276,鈴木勝博,54,134,6.92,5,0.26,22,6R,晴,南,3,3,2020_11_19,1-2-5,1070,1-2-5,410,1-2,250,1-2,280,2020_11_19_22_6R
174,4,3,4675,井手良太,53,115,6.92,3,0.21,22,6R,晴,南,3,3,2020_11_19,1-2-5,1070,1-2-5,410,1-2,250,1-2,280,2020_11_19_22_6R
175,5,4,4314,青木幸太郎,36,160,6.88,4,0.31,22,6R,晴,南,3,3,2020_11_19,1-2-5,1070,1-2-5,410,1-2,250,1-2,280,2020_11_19_22_6R
176,6,6,5158,宮脇遼太,11,153,6.96,6,0.31,22,6R,晴,南,3,3,2020_11_19,1-2-5,1070,1-2-5,410,1-2,250,1-2,280,2020_11_19_22_6R
177,1,1,4743,木村仁紀,51,135,6.94,1,0.11,22,7R,曇り,南,3,3,2020_11_19,1-3-4,1710,1-3-4,520,1-3,600,1-3,630,2020_11_19_22_7R
178,2,3,4817,渡邉翼,61,128,7.00,3,0.13,22,7R,曇り,南,3,3,2020_11_19,1-3-4,1710,1-3-4,520,1-3,600,1-3,630,2020_11_19_22_7R
179,3,4,4040,廣瀬将亨,34,164,6.90,4,0.14,22,7R,曇り,南,3,3,2020_11_19,1-3-4,1710,1-3-4,520,1-3,600,1-3,630,2020_11_19_22_7R
180,4,6,3442,宮武英司,69,104,6.92,6,0.11,22,7R,曇り,南,3,3,2020_11_19,1-3-4,1710,1-3-4,520,1-3,600,1-3,630,2020_11_19_22_7R
181,5,5,4821,妻鳥晋也,50,173,6.88,5,0.14,22,7R,曇り,南,3,3,2020_11_19,1-3-4,1710,1-3-4,520,1-3,600,1-3,630,2020_11_19_22_7R
182,6,2,4920,桐村翔太,27,114,6.92,2,0.15,22,7R,曇り,南,3,3,2020_11_19,1-3-4,1710,1-3-4,520,1-3,600,1-3,630,2020_11_19_22_7R
183,1,1,4120,柘植政浩,38,137,7.12,1,0.13,22,8R,曇り,南,7,7,2020_11_19,1-2-4,840,1-2-4,280,1-2,340,1-2,680,2020_11_19_22_8R
184,2,2,3261,大川茂実,60,142,7.11,2,0.13,22,8R,曇り,南,7,7,2020_11_19,1-2-4,840,1-2-4,280,1-2,340,1-2,680,2020_11_19_22_8R
185,3,4,4319,三宅潤,47,132,7.27,4,0.07,22,8R,曇り,南,7,7,2020_11_19,1-2-4,840,1-2-4,280,1-2,340,1-2,680,2020_11_19_22_8R
186,4,5,4979,中野夢斗,40,102,7.25,5,0.14,22,8R,曇り,南,7,7,2020_11_19,1-2-4,840,1-2-4,280,1-2,340,1-2,680,2020_11_19_22_8R
187,5,3,4632,長尾京志郎,74,169,7.22,3,0.14,22,8R,曇り,南,7,7,2020_11_19,1-2-4,840,1-2-4,280,1-2,340,1-2,680,2020_11_19_22_8R
188,6,6,5152,丸山祐也,33,168,7.14,6,0.15,22,8R,曇り,南,7,7,2020_11_19,1-2-4,840,1-2-4,280,1-2,340,1-2,680,2020_11_19_22_8R
189,1,2,3556,田中信一郎,23,103,7.03,2,0.11,22,9R,曇り,南,7,7,2020_11_19,2-3-4,1940,2-3-4,660,2-3,910,2-3,700,2020_11_19_22_9R
190,2,3,4171,榎幸司,67,127,7.25,3,0.12,22,9R,曇り,南,7,7,2020_11_19,2-3-4,1940,2-3-4,660,2-3,910,2-3,700,2020_11_19_22_9R
191,3,4,4272,大場広孝,29,151,7.16,4,0.18,22,9R,曇り,南,7,7,2020_11_19,2-3-4,1940,2-3-4,660,2-3,910,2-3,700,2020_11_19_22_9R
192,4,1,4549,小林文彦,70,152,7.04,1,0.14,22,9R,曇り,南,7,7,2020_11_19,2-3-4,1940,2-3-4,660,2-3,910,2-3,700,2020_11_19_22_9R
193,5,5,4952,吉武真也,41,140,7.12,5,0.20,22,9R,曇り,南,7,7,2020_11_19,2-3-4,1940,2-3-4,660,2-3,910,2-3,700,2020_11_19_22_9R
194,6,6,3974,深山祐二,55,138,7.28,6,0.20,22,9R,曇り,南,7,7,2020_11_19,2-3-4,1940,2-3-4,660,2-3,910,2-3,700,2020_11_19_22_9R
195,1,1,4137,君島秀三,16,130,7.01,1,0.07,22,10R,曇り,南,6,6,2020_11_19,1-5-2,2410,1-2-5,580,1-5,800,1-5,910,2020_11_19_22_10R
196,2,5,4002,古結宏,26,165,6.98,5,0.14,22,10R,曇り,南,6,6,2020_11_19,1-5-2,2410,1-2-5,580,1-5,800,1-5,910,2020_11_19_22_10R
197,3,2,3685,荒井輝年,39,112,6.97,2,0.11,22,10R,曇り,南,6,6,2020_11_19,1-5-2,2410,1-2-5,580,1-5,800,1-5,910,2020_11_19_22_10R
198,4,3,4276,鈴木勝博,54,134,7.04,3,0.08,22,10R,曇り,南,6,6,2020_11_19,1-5-2,2410,1-2-5,580,1-5,800,1-5,910,2020_11_19_22_10R
199,5,6,4138,中井俊祐,75,133,6.97,6,0.11,22,10R,曇り,南,6,6,2020_11_19,1-5-2,2410,1-2-5,580,1-5,800,1-5,910,2020_11_19_22_10R
200,6,4,4483,北野輝季,22,107,7.00,4,0.12,22,10R,曇り,南,6,6,2020_11_19,1-5-2,2410,1-2-5,580,1-5,800,1-5,910,2020_11_19_22_10R
201,1,1,3961,谷村一哉,17,149,7.03,1,0.21,22,11R,曇り,南,6,6,2020_11_19,1-5-4,3450,1-4-5,930,1-5,630,1-5,840,2020_11_19_22_11R
202,2,5,4866,橋本英一,43,157,7.02,5,0.14,22,11R,曇り,南,6,6,2020_11_19,1-5-4,3450,1-4-5,930,1-5,630,1-5,840,2020_11_19_22_11R
203,3,4,4675,井手良太,53,115,7.01,4,0.13,22,11R,曇り,南,6,6,2020_11_19,1-5-4,3450,1-4-5,930,1-5,630,1-5,840,2020_11_19_22_11R
204,4,2,3442,宮武英司,69,104,7.02,2,0.21,22,11R,曇り,南,6,6,2020_11_19,1-5-4,3450,1-4-5,930,1-5,630,1-5,840,2020_11_19_22_11R
205,5,6,4325,新出浩司,20,136,7.06,6,0.16,22,11R,曇り,南,6,6,2020_11_19,1-5-4,3450,1-4-5,930,1-5,630,1-5,840,2020_11_19_22_11R
206,6,3,4041,小林基樹,31,125,7.03,3,0.21,22,11R,曇り,南,6,6,2020_11_19,1-5-4,3450,1-4-5,930,1-5,630,1-5,840,2020_11_19_22_11R
207,1,1,4451,松崎祐太郎,52,144,6.93,1,0.09,22,12R,曇り,南,5,5,2020_11_19,1-3-5,1830,1-3-5,930,1-3,360,1-3,450,2020_11_19_22_12R
208,2,3,4743,木村仁紀,51,135,6.93,3,0.07,22,12R,曇り,南,5,5,2020_11_19,1-3-5,1830,1-3-5,930,1-3,360,1-3,450,2020_11_19_22_12R
209,3,5,3484,芝田浩治,63,143,6.97,5,0.11,22,12R,曇り,南,5,5,2020_11_19,1-3-5,1830,1-3-5,930,1-3,360,1-3,450,2020_11_19_22_12R
210,4,2,4070,中村亮太,64,158,6.89,2,0.13,22,12R,曇り,南,5,5,2020_11_19,1-3-5,1830,1-3-5,930,1-3,360,1-3,450,2020_11_19_22_12R
211,5,4,4640,山ノ内雅人,49,162,6.97,4,0.08,22,12R,曇り,南,5,5,2020_11_19,1-3-5,1830,1-3-5,930,1-3,360,1-3,450,2020_11_19_22_12R
212,6,6,4452,松尾祭,25,147,6.95,6,0.11,22,12R,曇り,南,5,5,2020_11_19,1-3-5,1830,1-3-5,930,1-3,360,1-3,450,2020_11_19_22_12R
213,1,1,4545,岡村慶太 ,7,18,6.82,1,0.18,21,1R,晴,南西,2,2,2020_11_19,1-3-5,1250,1-3-5,640,1-3,430,1-3,390,2020_11_19_21_1R
214,2,3,3186,沖悟,56,11,6.83,3,0.24,21,1R,晴,南西,2,2,2020_11_19,1-3-5,1250,1-3-5,640,1-3,430,1-3,390,2020_11_19_21_1R
215,3,5,4489,岩川仁士,19,47,6.86,5,0.28,21,1R,晴,南西,2,2,2020_11_19,1-3-5,1250,1-3-5,640,1-3,430,1-3,390,2020_11_19_21_1R
216,4,2,3036,吉本正昭,16,34,6.83,2,0.21,21,1R,晴,南西,2,2,2020_11_19,1-3-5,1250,1-3-5,640,1-3,430,1-3,390,2020_11_19_21_1R
217,5,4,4664,東口晃,59,19,6.83,4,0.26,21,1R,晴,南西,2,2,2020_11_19,1-3-5,1250,1-3-5,640,1-3,430,1-3,390,2020_11_19_21_1R
218,6,6,5138,村本大成,61,35,6.79,6,0.27,21,1R,晴,南西,2,2,2020_11_19,1-3-5,1250,1-3-5,640,1-3,430,1-3,390,2020_11_19_21_1R
219,1,1,4027,松江秀徳,65,29,6.83,1,0.21,21,2R,晴,東,1,1,2020_11_19,1-2-3,1510,1-2-3,540,1-2,480,1-2,500,2020_11_19_21_2R
220,2,2,4368,山口隆史,23,38,6.88,2,0.17,21,2R,晴,東,1,1,2020_11_19,1-2-3,1510,1-2-3,540,1-2,480,1-2,500,2020_11_19_21_2R
221,3,3,4520,高倉孝太,55,33,6.85,3,0.17,21,2R,晴,東,1,1,2020_11_19,1-2-3,1510,1-2-3,540,1-2,480,1-2,500,2020_11_19_21_2R
222,4,4,4685,島村隆幸 ,8,12,6.92,4,0.13,21,2R,晴,東,1,1,2020_11_19,1-2-3,1510,1-2-3,540,1-2,480,1-2,500,2020_11_19_21_2R
223,5,5,5008,羽野諒,22,60,6.89,5,0.15,21,2R,晴,東,1,1,2020_11_19,1-2-3,1510,1-2-3,540,1-2,480,1-2,500,2020_11_19_21_2R
224,6,6,3273,石田豪,12,25,6.83,6,0.13,21,2R,晴,東,1,1,2020_11_19,1-2-3,1510,1-2-3,540,1-2,480,1-2,500,2020_11_19_21_2R
225,1,1,4521,小池公生,38,23,6.84,1,0.17,21,3R,晴,南西,3,3,2020_11_19,1-5-3,910,1-3-5,220,1-5,560,1-5,500,2020_11_19_21_3R
226,2,5,4551,三川昂暁 ,9,36,6.79,5,0.16,21,3R,晴,南西,3,3,2020_11_19,1-5-3,910,1-3-5,220,1-5,560,1-5,500,2020_11_19_21_3R
227,3,3,4578,藤山雅弘,30,62,6.85,3,0.23,21,3R,晴,南西,3,3,2020_11_19,1-5-3,910,1-3-5,220,1-5,560,1-5,500,2020_11_19_21_3R
228,4,6,4200,早川尚人,39,51,6.85,6,0.19,21,3R,晴,南西,3,3,2020_11_19,1-5-3,910,1-3-5,220,1-5,560,1-5,500,2020_11_19_21_3R
229,5,2,4803,飯田庄吾,34,53,6.86,2,0.17,21,3R,晴,南西,3,3,2020_11_19,1-5-3,910,1-3-5,220,1-5,560,1-5,500,2020_11_19_21_3R
230,6,4,2912,尾崎鉄也,63,67,6.84,4,0.23,21,3R,晴,南西,3,3,2020_11_19,1-5-3,910,1-3-5,220,1-5,560,1-5,500,2020_11_19_21_3R
231,1,4,4543,重木輝彦,28,15,6.79,4,0.18,21,4R,晴,南西,3,3,2020_11_19,4-2-1,22470,1-2-4,460,4-2,11010,2-4,8720,2020_11_19_21_4R
232,2,2,3553,平池仁志,57,28,6.96,2,0.14,21,4R,晴,南西,3,3,2020_11_19,4-2-1,22470,1-2-4,460,4-2,11010,2-4,8720,2020_11_19_21_4R
233,3,1,3822,平尾崇典,60,45,6.81,1,0.16,21,4R,晴,南西,3,3,2020_11_19,4-2-1,22470,1-2-4,460,4-2,11010,2-4,8720,2020_11_19_21_4R
234,4,3,4788,小池哲也,26,39,6.88,3,0.07,21,4R,晴,南西,3,3,2020_11_19,4-2-1,22470,1-2-4,460,4-2,11010,2-4,8720,2020_11_19_21_4R
235,5,5,4948,木場悠介,13,75,6.93,5,0.17,21,4R,晴,南西,3,3,2020_11_19,4-2-1,22470,1-2-4,460,4-2,11010,2-4,8720,2020_11_19_21_4R
236,6,6,5102,原田雄次,43,58,6.93,6,0.48,21,4R,晴,南西,3,3,2020_11_19,4-2-1,22470,1-2-4,460,4-2,11010,2-4,8720,2020_11_19_21_4R
237,1,1,4475,末永祐輝,20,30,6.86,1,0.17,21,5R,晴,南西,4,4,2020_11_19,1-5-2,11790,1-2-5,1600,1-5,5250,1-5,2430,2020_11_19_21_5R
238,2,5,3186,沖悟,56,11,6.91,4,0.23,21,5R,晴,南西,4,4,2020_11_19,1-5-2,11790,1-2-5,1600,1-5,5250,1-5,2430,2020_11_19_21_5R
239,3,2,4102,益田啓司,35,59,6.89,2,0.19,21,5R,晴,南西,4,4,2020_11_19,1-5-2,11790,1-2-5,1600,1-5,5250,1-5,2430,2020_11_19_21_5R
240,4,6,4239,竹田辰也,21,46,6.85,6,0.27,21,5R,晴,南西,4,4,2020_11_19,1-5-2,11790,1-2-5,1600,1-5,5250,1-5,2430,2020_11_19_21_5R
241,5,4,5101,表健太,49,69,6.87,5,0.29,21,5R,晴,南西,4,4,2020_11_19,1-5-2,11790,1-2-5,1600,1-5,5250,1-5,2430,2020_11_19_21_5R
242,6,3,4587,木田峰由季,36,55,6.96,3,0.22,21,5R,晴,南西,4,4,2020_11_19,1-5-2,11790,1-2-5,1600,1-5,5250,1-5,2430,2020_11_19_21_5R
243,1,4,4715,村上遼,50,70,6.88,4,0.17,21,6R,晴,南西,4,4,2020_11_19,4-2-5,2560,2-4-5,470,4-2,1960,2-4,740,2020_11_19_21_6R
244,2,2,4027,松江秀徳,65,29,6.86,2,0.11,21,6R,晴,南西,4,4,2020_11_19,4-2-5,2560,2-4-5,470,4-2,1960,2-4,740,2020_11_19_21_6R
245,3,5,4734,安河内将,53,72,6.89,5,0.18,21,6R,晴,南西,4,4,2020_11_19,4-2-5,2560,2-4-5,470,4-2,1960,2-4,740,2020_11_19_21_6R
246,4,1,3036,吉本正昭,16,34,6.89,1,0.21,21,6R,晴,南西,4,4,2020_11_19,4-2-5,2560,2-4-5,470,4-2,1960,2-4,740,2020_11_19_21_6R
247,5,6,5119,真田翔磨,41,73,6.90,6,0.42,21,6R,晴,南西,4,4,2020_11_19,4-2-5,2560,2-4-5,470,4-2,1960,2-4,740,2020_11_19_21_6R
248,6,3,4705,吉川勇作,25,37,6.92,3,0.12,21,6R,晴,南西,4,4,2020_11_19,4-2-5,2560,2-4-5,470,4-2,1960,2-4,740,2020_11_19_21_6R
249,1,1,3212,亀本勇樹,58,49,6.91,1,0.19,21,7R,晴,南西,4,4,2020_11_19,1-6-2,14720,1-2-6,3110,1-6,3670,1-6,1940,2020_11_19_21_7R
250,2,6,4846,佐藤駿介,51,24,6.83,6,0.21,21,7R,晴,南西,4,4,2020_11_19,1-6-2,14720,1-2-6,3110,1-6,3670,1-6,1940,2020_11_19_21_7R
251,3,2,3478,嶋田貴支,32,65,6.92,2,0.20,21,7R,晴,南西,4,4,2020_11_19,1-6-2,14720,1-2-6,3110,1-6,3670,1-6,1940,2020_11_19_21_7R
252,4,3,4489,岩川仁士,19,47,6.84,3,0.17,21,7R,晴,南西,4,4,2020_11_19,1-6-2,14720,1-2-6,3110,1-6,3670,1-6,1940,2020_11_19_21_7R
253,5,4,4200,早川尚人,39,51,6.85,4,0.19,21,7R,晴,南西,4,4,2020_11_19,1-6-2,14720,1-2-6,3110,1-6,3670,1-6,1940,2020_11_19_21_7R
254,6,5,4368,山口隆史,23,38,6.85,5,0.18,21,7R,晴,南西,4,4,2020_11_19,1-6-2,14720,1-2-6,3110,1-6,3670,1-6,1940,2020_11_19_21_7R
255,1,4,4545,岡村慶太 ,7,18,6.87,4,0.11,21,8R,晴,南西,3,3,2020_11_19,4-1-5,1350,1-4-5,540,4-1,510,1-4,260,2020_11_19_21_8R
256,2,1,3726,桂林寛,18,32,6.90,1,0.15,21,8R,晴,南西,3,3,2020_11_19,4-1-5,1350,1-4-5,540,4-1,510,1-4,260,2020_11_19_21_8R
257,3,5,4790,柳内敬太,40,52,6.91,5,0.13,21,8R,晴,南西,3,3,2020_11_19,4-1-5,1350,1-4-5,540,4-1,510,1-4,260,2020_11_19_21_8R
258,4,2,4948,木場悠介,13,75,6.89,2,0.15,21,8R,晴,南西,3,3,2020_11_19,4-1-5,1350,1-4-5,540,4-1,510,1-4,260,2020_11_19_21_8R
259,5,3,4069,山本修一,48,14,6.97,3,0.15,21,8R,晴,南西,3,3,2020_11_19,4-1-5,1350,1-4-5,540,4-1,510,1-4,260,2020_11_19_21_8R
260,6,6,5008,羽野諒,22,60,6.96,6,0.17,21,8R,晴,南西,3,3,2020_11_19,4-1-5,1350,1-4-5,540,4-1,510,1-4,260,2020_11_19_21_8R
261,1,1,4383,竹田吉行,24,43,7.02,1,0.11,21,9R,晴,南西,4,4,2020_11_19,1-5-2,2690,1-2-5,430,1-5,1940,1-5,1260,2020_11_19_21_9R
262,2,5,4513,河野真也,45,44,6.90,4,0.15,21,9R,晴,南西,4,4,2020_11_19,1-5-2,2690,1-2-5,430,1-5,1940,1-5,1260,2020_11_19_21_9R
263,3,2,4302,西野翔太,17,27,6.89,2,0.17,21,9R,晴,南西,4,4,2020_11_19,1-5-2,2690,1-2-5,430,1-5,1940,1-5,1260,2020_11_19_21_9R
264,4,6,2912,尾崎鉄也,63,67,6.97,5,0.22,21,9R,晴,南西,4,4,2020_11_19,1-5-2,2690,1-2-5,430,1-5,1940,1-5,1260,2020_11_19_21_9R
265,5,3,4102,益田啓司,35,59,6.99,3,0.14,21,9R,晴,南西,4,4,2020_11_19,1-5-2,2690,1-2-5,430,1-5,1940,1-5,1260,2020_11_19_21_9R
266,6,4,5138,村本大成,61,35,6.90,6,0.18,21,9R,晴,南西,4,4,2020_11_19,1-5-2,2690,1-2-5,430,1-5,1940,1-5,1260,2020_11_19_21_9R
267,1,1,4531,武富智亮 ,4,22,6.88,1,0.08,21,10R,晴,南西,5,5,2020_11_19,1-2-4,1440,1-2-4,740,1-2,320,1-2,230,2020_11_19_21_10R
268,2,2,4578,藤山雅弘,30,62,6.89,2,0.09,21,10R,晴,南西,5,5,2020_11_19,1-2-4,1440,1-2-4,740,1-2,320,1-2,230,2020_11_19_21_10R
269,3,4,4718,北川太一,42,16,6.89,4,0.10,21,10R,晴,南西,5,5,2020_11_19,1-2-4,1440,1-2-4,740,1-2,320,1-2,230,2020_11_19_21_10R
270,4,3,4543,重木輝彦,28,15,6.81,3,0.04,21,10R,晴,南西,5,5,2020_11_19,1-2-4,1440,1-2-4,740,1-2,320,1-2,230,2020_11_19_21_10R
271,5,5,4705,吉川勇作,25,37,6.92,5,0.09,21,10R,晴,南西,5,5,2020_11_19,1-2-4,1440,1-2-4,740,1-2,320,1-2,230,2020_11_19_21_10R
272,6,6,4802,中田達也,37,61,6.88,6,0.15,21,10R,晴,南西,5,5,2020_11_19,1-2-4,1440,1-2-4,740,1-2,320,1-2,230,2020_11_19_21_10R
273,1,1,4715,村上遼,50,70,6.92,1,0.19,21,11R,曇り,南西,5,5,2020_11_19,1-2-4,580,1-2-4,240,1-2,260,1-2,230,2020_11_19_21_11R
274,2,2,3822,平尾崇典,60,45,6.82,2,0.21,21,11R,曇り,南西,5,5,2020_11_19,1-2-4,580,1-2-4,240,1-2,260,1-2,230,2020_11_19_21_11R
275,3,4,4521,小池公生,38,23,6.95,4,0.17,21,11R,曇り,南西,5,5,2020_11_19,1-2-4,580,1-2-4,240,1-2,260,1-2,230,2020_11_19_21_11R
276,4,3,3273,石田豪,12,25,6.95,3,0.21,21,11R,曇り,南西,5,5,2020_11_19,1-2-4,580,1-2-4,240,1-2,260,1-2,230,2020_11_19_21_11R
277,5,6,3478,嶋田貴支,32,65,7.00,6,0.26,21,11R,曇り,南西,5,5,2020_11_19,1-2-4,580,1-2-4,240,1-2,260,1-2,230,2020_11_19_21_11R
278,6,5,4587,木田峰由季,36,55,7.03,5,0.21,21,11R,曇り,南西,5,5,2020_11_19,1-2-4,580,1-2-4,240,1-2,260,1-2,230,2020_11_19_21_11R
279,1,1,4685,島村隆幸 ,8,12,6.97,1,0.04,21,12R,曇り,南西,5,5,2020_11_19,1-3-4,620,1-3-4,310,1-3,250,1-3,180,2020_11_19_21_12R
280,2,3,4239,竹田辰也,21,46,6.91,3,0.06,21,12R,曇り,南西,5,5,2020_11_19,1-3-4,620,1-3-4,310,1-3,250,1-3,180,2020_11_19_21_12R
281,3,4,4734,安河内将,53,72,6.88,4,0.07,21,12R,曇り,南西,5,5,2020_11_19,1-3-4,620,1-3-4,310,1-3,250,1-3,180,2020_11_19_21_12R
282,4,2,3726,桂林寛,18,32,6.93,2,0.09,21,12R,曇り,南西,5,5,2020_11_19,1-3-4,620,1-3-4,310,1-3,250,1-3,180,2020_11_19_21_12R
283,5,5,4788,小池哲也,26,39,6.90,5,0.09,21,12R,曇り,南西,5,5,2020_11_19,1-3-4,620,1-3-4,310,1-3,250,1-3,180,2020_11_19_21_12R
284,6,6,4302,西野翔太,17,27,6.90,6,0.18,21,12R,曇り,南西,5,5,2020_11_19,1-3-4,620,1-3-4,310,1-3,250,1-3,180,2020_11_19_21_12R
285,1,2,5043,中村日向,75,18,6.77,2,0.12,19,1R,雨,南,4,4,2020_11_19,2-1-4,6070,1-2-4,790,2-1,1180,1-2,190,2020_11_19_19_1R
286,2,1,3711,江本真治,24,11,6.70,1,0.11,19,1R,雨,南,4,4,2020_11_19,2-1-4,6070,1-2-4,790,2-1,1180,1-2,190,2020_11_19_19_1R
287,3,4,4970,井町泰,64,34,6.75,4,0.11,19,1R,雨,南,4,4,2020_11_19,2-1-4,6070,1-2-4,790,2-1,1180,1-2,190,2020_11_19_19_1R
288,4,6,4143,浦田晃嗣,12,37,6.75,6,0.25,19,1R,雨,南,4,4,2020_11_19,2-1-4,6070,1-2-4,790,2-1,1180,1-2,190,2020_11_19_19_1R
289,5,5,4473,藤堂里香,54,60,6.73,5,0.13,19,1R,雨,南,4,4,2020_11_19,2-1-4,6070,1-2-4,790,2-1,1180,1-2,190,2020_11_19_19_1R
290,6,3,4890,石川諒,49,16,6.69,3,0.12,19,1R,雨,南,4,4,2020_11_19,2-1-4,6070,1-2-4,790,2-1,1180,1-2,190,2020_11_19_19_1R
291,1,2,4798,浜先真範,35,30,6.70,2,0.15,19,2R,曇り,南,3,3,2020_11_19,2-1-5,1760,1-2-5,470,2-1,710,1-2,200,2020_11_19_19_2R
292,2,1,3282,池本輝明,27,65,6.71,1,0.14,19,2R,曇り,南,3,3,2020_11_19,2-1-5,1760,1-2-5,470,2-1,710,1-2,200,2020_11_19_19_2R
293,3,5,4980,佐々木完太,39,48,6.73,5,0.11,19,2R,曇り,南,3,3,2020_11_19,2-1-5,1760,1-2-5,470,2-1,710,1-2,200,2020_11_19_19_2R
294,4,4,4826,井上一輝,72,75,6.77,4,0.16,19,2R,曇り,南,3,3,2020_11_19,2-1-5,1760,1-2-5,470,2-1,710,1-2,200,2020_11_19_19_2R
295,5,6,5038,金田智博,29,12,6.61,6,0.05,19,2R,曇り,南,3,3,2020_11_19,2-1-5,1760,1-2-5,470,2-1,710,1-2,200,2020_11_19_19_2R
296,6,3,4479,矢野真梨菜,44,29,6.76,3,0.10,19,2R,曇り,南,3,3,2020_11_19,2-1-5,1760,1-2-5,470,2-1,710,1-2,200,2020_11_19_19_2R
297,1,1,4020,川上清人,21,52,6.72,2,0.19,19,3R,曇り,南,2,2,2020_11_19,1-3-5,1460,1-3-5,250,1-3,390,1-3,230,2020_11_19_19_3R
298,2,3,3265,今村暢孝,34,44,6.72,1,0.51,19,3R,曇り,南,2,2,2020_11_19,1-3-5,1460,1-3-5,250,1-3,390,1-3,230,2020_11_19_19_3R
299,3,5,3898,平田忠則,38,50,6.76,5,0.19,19,3R,曇り,南,2,2,2020_11_19,1-3-5,1460,1-3-5,250,1-3,390,1-3,230,2020_11_19_19_3R
300,4,4,4250,藤川利文,65,32,6.79,4,0.19,19,3R,曇り,南,2,2,2020_11_19,1-3-5,1460,1-3-5,250,1-3,390,1-3,230,2020_11_19_19_3R
301,5,6,4154,森安弘雅,47,54,6.76,6,0.15,19,3R,曇り,南,2,2,2020_11_19,1-3-5,1460,1-3-5,250,1-3,390,1-3,230,2020_11_19_19_3R
302,6,2,4986,西山祐希,20,23,6.73,3,0.42,19,3R,曇り,南,2,2,2020_11_19,1-3-5,1460,1-3-5,250,1-3,390,1-3,230,2020_11_19_19_3R
303,1,4,3773,津留浩一郎,32,22,6.82,4,0.14,19,4R,曇り,南西,2,2,2020_11_19,4-3-2,12290,2-3-4,600,4-3,6180,3-4,1170,2020_11_19_19_4R
304,2,3,3849,中岡正彦,14,40,6.82,3,0.09,19,4R,曇り,南西,2,2,2020_11_19,4-3-2,12290,2-3-4,600,4-3,6180,3-4,1170,2020_11_19_19_4R
305,3,2,4713,白神優,31,42,6.77,2,0.09,19,4R,曇り,南西,2,2,2020_11_19,4-3-2,12290,2-3-4,600,4-3,6180,3-4,1170,2020_11_19_19_4R
306,4,1,3058,原義昭,46,59,6.79,1,0.16,19,4R,曇り,南西,2,2,2020_11_19,4-3-2,12290,2-3-4,600,4-3,6180,3-4,1170,2020_11_19_19_4R
307,5,6,3233,小畑実成,66,43,6.82,5,0.17,19,4R,曇り,南西,2,2,2020_11_19,4-3-2,12290,2-3-4,600,4-3,6180,3-4,1170,2020_11_19_19_4R
308,6,5,4770,小野真歩,57,64,6.83,6,0.30,19,4R,曇り,南西,2,2,2020_11_19,4-3-2,12290,2-3-4,600,4-3,6180,3-4,1170,2020_11_19_19_4R
309,1,1,3903,白石健,42,14,6.73,1,0.19,19,5R,雨,南,3,3,2020_11_19,1-4-2,540,1-2-4,230,1-4,270,1-4,250,2020_11_19_19_5R
310,2,4,4214,林祐介,52,15,6.82,4,0.08,19,5R,雨,南,3,3,2020_11_19,1-4-2,540,1-2-4,230,1-4,270,1-4,250,2020_11_19_19_5R
311,3,2,4162,竹本太樹,16,33,6.81,2,0.16,19,5R,雨,南,3,3,2020_11_19,1-4-2,540,1-2-4,230,1-4,270,1-4,250,2020_11_19_19_5R
312,4,3,4143,浦田晃嗣,12,37,6.82,3,0.15,19,5R,雨,南,3,3,2020_11_19,1-4-2,540,1-2-4,230,1-4,270,1-4,250,2020_11_19_19_5R
313,5,5,4727,安部慎一,61,47,6.86,5,0.07,19,5R,雨,南,3,3,2020_11_19,1-4-2,540,1-2-4,230,1-4,270,1-4,250,2020_11_19_19_5R
314,6,6,5146,野田彩加,71,17,6.83,6,0.04,19,5R,雨,南,3,3,2020_11_19,1-4-2,540,1-2-4,230,1-4,270,1-4,250,2020_11_19_19_5R
315,1,2,4473,藤堂里香,54,60,6.74,2,0.20,19,6R,雨,南,4,4,2020_11_19,2-1-6,22790,1-2-6,3650,2-1,2180,1-2,460,2020_11_19_19_6R
316,2,1,3486,渋田治代,67,27,6.81,1,0.26,19,6R,雨,南,4,4,2020_11_19,2-1-6,22790,1-2-6,3650,2-1,2180,1-2,460,2020_11_19_19_6R
317,3,6,5163,清水愛海,60,24,6.76,6,0.09,19,6R,雨,南,4,4,2020_11_19,2-1-6,22790,1-2-6,3650,2-1,2180,1-2,460,2020_11_19_19_6R
318,4,3,5056,西岡成美,23,69,6.78,3,0.16,19,6R,雨,南,4,4,2020_11_19,2-1-6,22790,1-2-6,3650,2-1,2180,1-2,460,2020_11_19_19_6R
319,5,4,3943,三松直美,22,56,6.87,4,0.13,19,6R,雨,南,4,4,2020_11_19,2-1-6,22790,1-2-6,3650,2-1,2180,1-2,460,2020_11_19_19_6R
320,6,5,4479,矢野真梨菜,44,29,6.82,5,0.14,19,6R,雨,南,4,4,2020_11_19,2-1-6,22790,1-2-6,3650,2-1,2180,1-2,460,2020_11_19_19_6R
321,1,5,4514,上條嘉嗣,11,38,6.75,5,0.19,19,7R,雨,南,2,2,2020_11_19,5-1-4,4590,1-4-5,250,5-1,2630,1-5,780,2020_11_19_19_7R
322,2,1,3401,上田隆章,56,19,6.80,1,0.26,19,7R,雨,南,2,2,2020_11_19,5-1-4,4590,1-4-5,250,5-1,2630,1-5,780,2020_11_19_19_7R
323,3,4,4064,原田篤志,51,39,6.69,4,0.23,19,7R,雨,南,2,2,2020_11_19,5-1-4,4590,1-4-5,250,5-1,2630,1-5,780,2020_11_19_19_7R
324,4,6,5009,大賀龍之介,53,55,6.78,6,0.21,19,7R,雨,南,2,2,2020_11_19,5-1-4,4590,1-4-5,250,5-1,2630,1-5,780,2020_11_19_19_7R
325,5,3,3282,池本輝明,27,65,6.75,3,0.25,19,7R,雨,南,2,2,2020_11_19,5-1-4,4590,1-4-5,250,5-1,2630,1-5,780,2020_11_19_19_7R
326,6,2,4250,藤川利文,65,32,6.75,2,0.31,19,7R,雨,南,2,2,2020_11_19,5-1-4,4590,1-4-5,250,5-1,2630,1-5,780,2020_11_19_19_7R
327,1,4,4523,中村辰也,28,72,6.71,4,0.17,19,8R,雨,南西,3,3,2020_11_19,4-1-5,3070,1-4-5,740,4-1,710,1-4,250,2020_11_19_19_8R
328,2,1,4210,松村康太,50,71,6.77,1,0.17,19,8R,雨,南西,3,3,2020_11_19,4-1-5,3070,1-4-5,740,4-1,710,1-4,250,2020_11_19_19_8R
329,3,5,4890,石川諒,49,16,6.79,5,0.15,19,8R,雨,南西,3,3,2020_11_19,4-1-5,3070,1-4-5,740,4-1,710,1-4,250,2020_11_19_19_8R
330,4,2,5038,金田智博,29,12,6.71,2,0.15,19,8R,雨,南西,3,3,2020_11_19,4-1-5,3070,1-4-5,740,4-1,710,1-4,250,2020_11_19_19_8R
331,5,6,4006,小野勇作,58,68,6.85,6,0.18,19,8R,雨,南西,3,3,2020_11_19,4-1-5,3070,1-4-5,740,4-1,710,1-4,250,2020_11_19_19_8R
332,6,3,3058,原義昭,46,59,6.83,3,0.25,19,8R,雨,南西,3,3,2020_11_19,4-1-5,3070,1-4-5,740,4-1,710,1-4,250,2020_11_19_19_8R
333,1,1,4459,片岡雅裕,19,61,6.82,1,0.16,19,9R,雨,南西,2,2,2020_11_19,1-5-2,1500,1-2-5,420,1-5,700,1-5,530,2020_11_19_19_9R
334,2,5,4506,稗田聖也,70,28,6.75,5,0.17,19,9R,雨,南西,2,2,2020_11_19,1-5-2,1500,1-2-5,420,1-5,700,1-5,530,2020_11_19_19_9R
335,3,2,4410,井上大輔,68,53,6.87,2,0.19,19,9R,雨,南西,2,2,2020_11_19,1-5-2,1500,1-2-5,420,1-5,700,1-5,530,2020_11_19_19_9R
336,4,3,3233,小畑実成,66,43,6.76,3,0.18,19,9R,雨,南西,2,2,2020_11_19,1-5-2,1500,1-2-5,420,1-5,700,1-5,530,2020_11_19_19_9R
337,5,4,4020,川上清人,21,52,6.77,4,0.28,19,9R,雨,南西,2,2,2020_11_19,1-5-2,1500,1-2-5,420,1-5,700,1-5,530,2020_11_19_19_9R
338,6,6,5043,中村日向,75,18,6.81,6,0.20,19,9R,雨,南西,2,2,2020_11_19,1-5-2,1500,1-2-5,420,1-5,700,1-5,530,2020_11_19_19_9R
339,1,2,3711,江本真治,24,11,6.81,2,0.16,19,10R,雨,南,1,1,2020_11_19,2-1-3,11970,1-2-3,1260,2-1,2030,1-2,220,2020_11_19_19_10R
340,2,1,3265,今村暢孝,34,44,6.73,1,0.11,19,10R,雨,南,1,1,2020_11_19,2-1-3,11970,1-2-3,1260,2-1,2030,1-2,220,2020_11_19_19_10R
341,3,3,3486,渋田治代,67,27,6.76,3,0.14,19,10R,雨,南,1,1,2020_11_19,2-1-3,11970,1-2-3,1260,2-1,2030,1-2,220,2020_11_19_19_10R
342,4,4,4798,浜先真範,35,30,6.72,4,0.19,19,10R,雨,南,1,1,2020_11_19,2-1-3,11970,1-2-3,1260,2-1,2030,1-2,220,2020_11_19_19_10R
343,5,5,4214,林祐介,52,15,6.84,5,0.15,19,10R,雨,南,1,1,2020_11_19,2-1-3,11970,1-2-3,1260,2-1,2030,1-2,220,2020_11_19_19_10R
344,6,6,3773,津留浩一郎,32,22,6.77,6,0.16,19,10R,雨,南,1,1,2020_11_19,2-1-3,11970,1-2-3,1260,2-1,2030,1-2,220,2020_11_19_19_10R
345,1,4,4514,上條嘉嗣,11,38,6.78,4,0.10,19,11R,雨,東,1,1,2020_11_19,4-1-2,3930,1-2-4,380,4-1,830,1-4,290,2020_11_19_19_11R
346,2,1,3849,中岡正彦,14,40,6.80,1,0.12,19,11R,雨,東,1,1,2020_11_19,4-1-2,3930,1-2-4,380,4-1,830,1-4,290,2020_11_19_19_11R
347,3,2,4980,佐々木完太,39,48,6.76,2,0.15,19,11R,雨,東,1,1,2020_11_19,4-1-2,3930,1-2-4,380,4-1,830,1-4,290,2020_11_19_19_11R
348,4,6,4162,竹本太樹,16,33,6.84,6,0.17,19,11R,雨,東,1,1,2020_11_19,4-1-2,3930,1-2-4,380,4-1,830,1-4,290,2020_11_19_19_11R
349,5,5,4523,中村辰也,28,72,6.75,5,0.13,19,11R,雨,東,1,1,2020_11_19,4-1-2,3930,1-2-4,380,4-1,830,1-4,290,2020_11_19_19_11R
350,6,3,4154,森安弘雅,47,54,6.78,3,0.13,19,11R,雨,東,1,1,2020_11_19,4-1-2,3930,1-2-4,380,4-1,830,1-4,290,2020_11_19_19_11R
351,1,1,4064,原田篤志,51,39,6.76,1,0.14,19,12R,雨,南東,1,1,2020_11_19,1-4-5,3050,1-4-5,1340,1-4,540,1-4,650,2020_11_19_19_12R
352,2,4,4459,片岡雅裕,19,61,6.84,4,0.12,19,12R,雨,南東,1,1,2020_11_19,1-4-5,3050,1-4-5,1340,1-4,540,1-4,650,2020_11_19_19_12R
353,3,5,4713,白神優,31,42,6.80,5,0.11,19,12R,雨,南東,1,1,2020_11_19,1-4-5,3050,1-4-5,1340,1-4,540,1-4,650,2020_11_19_19_12R
354,4,2,3898,平田忠則,38,50,6.84,2,0.18,19,12R,雨,南東,1,1,2020_11_19,1-4-5,3050,1-4-5,1340,1-4,540,1-4,650,2020_11_19_19_12R
355,5,3,3903,白石健,42,14,6.73,3,0.14,19,12R,雨,南東,1,1,2020_11_19,1-4-5,3050,1-4-5,1340,1-4,540,1-4,650,2020_11_19_19_12R
356,6,6,4826,井上一輝,72,75,6.81,6,0.11,19,12R,雨,南東,1,1,2020_11_19,1-4-5,3050,1-4-5,1340,1-4,540,1-4,650,2020_11_19_19_12R
357,1,4,4220,深川和仁,46,63,6.90,4,0.18,15,1R,晴,南,5,5,2020_11_19,4-2-5,6150,2-4-5,1930,4-2,1800,2-4,670,2020_11_19_15_1R
358,2,2,3742,宮地秀祈,44,18,6.95,2,0.18,15,1R,晴,南,5,5,2020_11_19,4-2-5,6150,2-4-5,1930,4-2,1800,2-4,670,2020_11_19_15_1R
359,3,5,3234,金森史吉 ,1,2,6.94,5,0.19,15,1R,晴,南,5,5,2020_11_19,4-2-5,6150,2-4-5,1930,4-2,1800,2-4,670,2020_11_19_15_1R
360,4,1,5075,中島秀治,51,5,6.85,1,0.20,15,1R,晴,南,5,5,2020_11_19,4-2-5,6150,2-4-5,1930,4-2,1800,2-4,670,2020_11_19_15_1R
361,5,3,3564,桑原啓,57,19,6.91,3,0.18,15,1R,晴,南,5,5,2020_11_19,4-2-5,6150,2-4-5,1930,4-2,1800,2-4,670,2020_11_19_15_1R
362,6,6,3176,長谷川巌 ,5,58,6.93,6,0.24,15,1R,晴,南,5,5,2020_11_19,4-2-5,6150,2-4-5,1930,4-2,1800,2-4,670,2020_11_19_15_1R
363,1,2,3936,三瀬譲,28,30,6.90,2,0.10,15,2R,晴,南,5,5,2020_11_19,2-1-5,8730,1-2-5,1550,2-1,2030,1-2,350,2020_11_19_15_2R
364,2,1,3953,志道吉和,55,10,6.89,1,0.11,15,2R,晴,南,5,5,2020_11_19,2-1-5,8730,1-2-5,1550,2-1,2030,1-2,350,2020_11_19_15_2R
365,3,5,3559,水長照雄,66,3,6.96,5,0.07,15,2R,晴,南,5,5,2020_11_19,2-1-5,8730,1-2-5,1550,2-1,2030,1-2,350,2020_11_19_15_2R
366,4,4,4894,原村拓也,22,47,6.94,4,0.10,15,2R,晴,南,5,5,2020_11_19,2-1-5,8730,1-2-5,1550,2-1,2030,1-2,350,2020_11_19_15_2R
367,5,3,4789,古賀智之,64,1,6.89,3,0.11,15,2R,晴,南,5,5,2020_11_19,2-1-5,8730,1-2-5,1550,2-1,2030,1-2,350,2020_11_19_15_2R
368,1,4,2878,富山弘幸,41,21,6.88,5,0.07,15,3R,晴,南,5,5,2020_11_19,4-5-6,23500,4-5-6,4440,4-5,6970,4-5,3780,2020_11_19_15_3R
369,2,5,5034,若林義人,52,24,6.95,6,0.06,15,3R,晴,南,5,5,2020_11_19,4-5-6,23500,4-5-6,4440,4-5,6970,4-5,3780,2020_11_19_15_3R
370,3,6,3582,吉川昭男,19,62,6.97,3,0.12,15,3R,晴,南,5,5,2020_11_19,4-5-6,23500,4-5-6,4440,4-5,6970,4-5,3780,2020_11_19_15_3R
371,4,1,3998,冨成謙児,30,41,6.87,1,0.07,15,3R,晴,南,5,5,2020_11_19,4-5-6,23500,4-5-6,4440,4-5,6970,4-5,3780,2020_11_19_15_3R
372,5,2,3304,烏野賢太,58,44,6.94,2,0.06,15,3R,晴,南,5,5,2020_11_19,4-5-6,23500,4-5-6,4440,4-5,6970,4-5,3780,2020_11_19_15_3R
373,6,3,5024,古場健也,16,50,7.01,4,0.14,15,3R,晴,南,5,5,2020_11_19,4-5-6,23500,4-5-6,4440,4-5,6970,4-5,3780,2020_11_19_15_3R
374,1,3,3710,吉永泰弘,31,35,6.95,3,0.27,15,4R,晴,南,5,5,2020_11_19,3-2-6,11260,2-3-6,1360,3-2,3800,2-3,1640,2020_11_19_15_4R
375,2,2,4015,前野竜一,62,8,6.93,2,0.21,15,4R,晴,南,5,5,2020_11_19,3-2-6,11260,2-3-6,1360,3-2,3800,2-3,1640,2020_11_19_15_4R
376,3,6,4643,近江翔吾,21,9,6.90,6,0.26,15,4R,晴,南,5,5,2020_11_19,3-2-6,11260,2-3-6,1360,3-2,3800,2-3,1640,2020_11_19_15_4R
377,4,4,4978,山田和佐,34,65,7.00,4,0.27,15,4R,晴,南,5,5,2020_11_19,3-2-6,11260,2-3-6,1360,3-2,3800,2-3,1640,2020_11_19_15_4R
378,5,5,3489,大場敏,26,6,6.91,5,0.25,15,4R,晴,南,5,5,2020_11_19,3-2-6,11260,2-3-6,1360,3-2,3800,2-3,1640,2020_11_19_15_4R
379,6,1,4299,中島浩哉,37,23,6.98,1,0.21,15,4R,晴,南,5,5,2020_11_19,3-2-6,11260,2-3-6,1360,3-2,3800,2-3,1640,2020_11_19_15_4R
380,1,1,5026,安河内健,27,53,6.78,1,0.05,15,5R,晴,南,4,4,2020_11_19,1-2-3,1320,1-2-3,610,1-2,210,1-2,170,2020_11_19_15_5R
381,2,2,4566,塩田北斗 ,8,49,6.86,2,0.11,15,5R,晴,南,4,4,2020_11_19,1-2-3,1320,1-2-3,610,1-2,210,1-2,170,2020_11_19_15_5R
382,3,3,3498,白石浩二,32,26,6.87,3,0.12,15,5R,晴,南,4,4,2020_11_19,1-2-3,1320,1-2-3,610,1-2,210,1-2,170,2020_11_19_15_5R
383,4,6,4330,奈須啓太,39,52,6.86,6,0.11,15,5R,晴,南,4,4,2020_11_19,1-2-3,1320,1-2-3,610,1-2,210,1-2,170,2020_11_19_15_5R
384,5,5,3907,村越篤,11,56,6.95,5,0.13,15,5R,晴,南,4,4,2020_11_19,1-2-3,1320,1-2-3,610,1-2,210,1-2,170,2020_11_19_15_5R
385,6,4,3820,樫葉次郎,24,59,6.97,4,0.14,15,5R,晴,南,4,4,2020_11_19,1-2-3,1320,1-2-3,610,1-2,210,1-2,170,2020_11_19_15_5R
386,1,1,3485,竹村祥司,59,40,7.08,1,0.28,15,6R,晴,南,4,4,2020_11_19,1-4-5,4400,1-4-5,2280,1-4,370,1-4,280,2020_11_19_15_6R
387,2,4,3956,横澤剛治,47,61,6.97,4,0.27,15,6R,晴,南,4,4,2020_11_19,1-4-5,4400,1-4-5,2280,1-4,370,1-4,280,2020_11_19_15_6R
388,3,5,3789,和田敏彦,65,36,7.04,5,0.28,15,6R,晴,南,4,4,2020_11_19,1-4-5,4400,1-4-5,2280,1-4,370,1-4,280,2020_11_19_15_6R
389,4,6,4811,向井田佑紀,38,43,6.84,6,0.24,15,6R,晴,南,4,4,2020_11_19,1-4-5,4400,1-4-5,2280,1-4,370,1-4,280,2020_11_19_15_6R
390,5,2,3234,金森史吉 ,1,2,6.92,2,0.32,15,6R,晴,南,4,4,2020_11_19,1-4-5,4400,1-4-5,2280,1-4,370,1-4,280,2020_11_19_15_6R
391,6,3,3616,中村真 ,7,37,6.90,3,0.41,15,6R,晴,南,4,4,2020_11_19,1-4-5,4400,1-4-5,2280,1-4,370,1-4,280,2020_11_19_15_6R
392,1,6,4061,萩原秀人,49,4,6.92,6,0.15,15,7R,晴,南,3,3,2020_11_19,6-1-3,2310,1-3-6,200,6-1,1090,1-6,260,2020_11_19_15_7R
393,2,1,5015,高橋竜矢,61,12,6.80,1,0.24,15,7R,晴,南,3,3,2020_11_19,6-1-3,2310,1-3-6,200,6-1,1090,1-6,260,2020_11_19_15_7R
394,3,3,2878,富山弘幸,41,21,6.91,3,0.23,15,7R,晴,南,3,3,2020_11_19,6-1-3,2310,1-3-6,200,6-1,1090,1-6,260,2020_11_19_15_7R
395,4,4,3564,桑原啓,57,19,6.94,4,0.18,15,7R,晴,南,3,3,2020_11_19,6-1-3,2310,1-3-6,200,6-1,1090,1-6,260,2020_11_19_15_7R
396,5,2,3714,梶原正,50,48,6.97,2,0.24,15,7R,晴,南,3,3,2020_11_19,6-1-3,2310,1-3-6,200,6-1,1090,1-6,260,2020_11_19_15_7R
397,6,5,3936,三瀬譲,28,30,6.95,5,0.14,15,7R,晴,南,3,3,2020_11_19,6-1-3,2310,1-3-6,200,6-1,1090,1-6,260,2020_11_19_15_7R
398,1,2,4220,深川和仁,46,63,6.92,2,0.12,15,8R,晴,南,5,5,2020_11_19,2-1-3,1310,1-2-3,310,2-1,280,1-2,130,2020_11_19_15_8R
399,2,1,4474,渡辺崇 ,6,28,6.85,1,0.13,15,8R,晴,南,5,5,2020_11_19,2-1-3,1310,1-2-3,310,2-1,280,1-2,130,2020_11_19_15_8R
400,3,3,4978,山田和佐,34,65,6.89,3,0.16,15,8R,晴,南,5,5,2020_11_19,2-1-3,1310,1-2-3,310,2-1,280,1-2,130,2020_11_19_15_8R
401,4,4,3745,橋本年光,53,20,6.94,4,0.13,15,8R,晴,南,5,5,2020_11_19,2-1-3,1310,1-2-3,310,2-1,280,1-2,130,2020_11_19_15_8R
402,5,6,4894,原村拓也,22,47,6.90,6,0.18,15,8R,晴,南,5,5,2020_11_19,2-1-3,1310,1-2-3,310,2-1,280,1-2,130,2020_11_19_15_8R
403,6,5,5024,古場健也,16,50,6.97,5,0.14,15,8R,晴,南,5,5,2020_11_19,2-1-3,1310,1-2-3,310,2-1,280,1-2,130,2020_11_19_15_8R
404,1,6,4566,塩田北斗 ,8,49,6.79,4,0.16,15,9R,晴,南,4,4,2020_11_19,6-2-3,12670,2-3-6,3440,6-2,3040,2-6,1470,2020_11_19_15_9R
405,2,2,3489,大場敏,26,6,6.92,2,0.14,15,9R,晴,南,4,4,2020_11_19,6-2-3,12670,2-3-6,3440,6-2,3040,2-6,1470,2020_11_19_15_9R
406,3,3,5075,中島秀治,51,5,6.91,5,0.16,15,9R,晴,南,4,4,2020_11_19,6-2-3,12670,2-3-6,3440,6-2,3040,2-6,1470,2020_11_19_15_9R
407,4,1,3582,吉川昭男,19,62,6.88,1,0.15,15,9R,晴,南,4,4,2020_11_19,6-2-3,12670,2-3-6,3440,6-2,3040,2-6,1470,2020_11_19_15_9R
408,5,4,3498,白石浩二,32,26,6.92,6,0.25,15,9R,晴,南,4,4,2020_11_19,6-2-3,12670,2-3-6,3440,6-2,3040,2-6,1470,2020_11_19_15_9R
409,6,5,3485,竹村祥司,59,40,6.95,3,0.23,15,9R,晴,南,4,4,2020_11_19,6-2-3,12670,2-3-6,3440,6-2,3040,2-6,1470,2020_11_19_15_9R
410,1,1,4643,近江翔吾,21,9,6.87,1,0.14,15,10R,晴,南,3,3,2020_11_19,1-4-3,2500,1-3-4,730,1-4,790,1-4,720,2020_11_19_15_10R
411,2,4,3907,村越篤,11,56,6.93,4,0.18,15,10R,晴,南,3,3,2020_11_19,1-4-3,2500,1-3-4,730,1-4,790,1-4,720,2020_11_19_15_10R
412,3,3,5015,高橋竜矢,61,12,6.91,3,0.19,15,10R,晴,南,3,3,2020_11_19,1-4-3,2500,1-3-4,730,1-4,790,1-4,720,2020_11_19_15_10R
413,4,2,3956,横澤剛治,47,61,6.96,2,0.19,15,10R,晴,南,3,3,2020_11_19,1-4-3,2500,1-3-4,730,1-4,790,1-4,720,2020_11_19_15_10R
414,5,5,3742,宮地秀祈,44,18,6.91,5,0.18,15,10R,晴,南,3,3,2020_11_19,1-4-3,2500,1-3-4,730,1-4,790,1-4,720,2020_11_19_15_10R
415,6,6,4015,前野竜一,62,8,6.87,6,0.16,15,10R,晴,南,3,3,2020_11_19,1-4-3,2500,1-3-4,730,1-4,790,1-4,720,2020_11_19_15_10R
416,1,1,4061,萩原秀人,49,4,6.83,1,0.08,15,11R,晴,南東,3,3,2020_11_19,1-5-4,3340,1-4-5,1320,1-5,800,1-5,620,2020_11_19_15_11R
417,2,5,3304,烏野賢太,58,44,6.88,5,0.11,15,11R,晴,南東,3,3,2020_11_19,1-5-4,3340,1-4-5,1320,1-5,800,1-5,620,2020_11_19_15_11R
418,3,4,4474,渡辺崇 ,6,28,6.91,4,0.13,15,11R,晴,南東,3,3,2020_11_19,1-5-4,3340,1-4-5,1320,1-5,800,1-5,620,2020_11_19_15_11R
419,4,3,4299,中島浩哉,37,38,6.99,3,0.14,15,11R,晴,南東,3,3,2020_11_19,1-5-4,3340,1-4-5,1320,1-5,800,1-5,620,2020_11_19_15_11R
420,5,6,5026,安河内健,27,53,6.89,6,0.11,15,11R,晴,南東,3,3,2020_11_19,1-5-4,3340,1-4-5,1320,1-5,800,1-5,620,2020_11_19_15_11R
421,6,2,4330,奈須啓太,39,52,6.92,2,0.11,15,11R,晴,南東,3,3,2020_11_19,1-5-4,3340,1-4-5,1320,1-5,800,1-5,620,2020_11_19_15_11R
422,1,3,3176,長谷川巌 ,5,58,7.00,3,0.21,15,12R,晴,南東,2,2,2020_11_19,3-1-4,13880,1-3-4,1050,3-1,5240,1-3,1000,2020_11_19_15_12R
423,2,1,3745,橋本年光,53,20,6.93,1,0.26,15,12R,晴,南東,2,2,2020_11_19,3-1-4,13880,1-3-4,1050,3-1,5240,1-3,1000,2020_11_19_15_12R
424,3,4,3710,吉永泰弘,31,35,6.92,4,0.22,15,12R,晴,南東,2,2,2020_11_19,3-1-4,13880,1-3-4,1050,3-1,5240,1-3,1000,2020_11_19_15_12R
425,4,2,3616,中村真 ,7,37,6.85,2,0.29,15,12R,晴,南東,2,2,2020_11_19,3-1-4,13880,1-3-4,1050,3-1,5240,1-3,1000,2020_11_19_15_12R
426,1,1,4840,鈴木秀茉,47,65,6.84,1,0.19,13,1R,晴,無風,0,0,2020_11_19,1-2-4,1660,1-2-4,510,1-2,680,1-2,570,2020_11_19_13_1R
427,2,2,4453,永田郁弥,21,73,6.83,2,0.23,13,1R,晴,無風,0,0,2020_11_19,1-2-4,1660,1-2-4,510,1-2,680,1-2,570,2020_11_19_13_1R
428,3,4,4449,中嶋達也,50,51,6.76,4,0.17,13,1R,晴,無風,0,0,2020_11_19,1-2-4,1660,1-2-4,510,1-2,680,1-2,570,2020_11_19_13_1R
429,4,3,3406,中里英夫,58,56,6.88,3,0.21,13,1R,晴,無風,0,0,2020_11_19,1-2-4,1660,1-2-4,510,1-2,680,1-2,570,2020_11_19_13_1R
430,5,6,5161,登玉隼百,26,60,6.87,6,0.29,13,1R,晴,無風,0,0,2020_11_19,1-2-4,1660,1-2-4,510,1-2,680,1-2,570,2020_11_19_13_1R
431,6,5,3467,森弘行,45,61,6.87,5,0.24,13,1R,晴,無風,0,0,2020_11_19,1-2-4,1660,1-2-4,510,1-2,680,1-2,570,2020_11_19_13_1R
432,1,1,4245,高橋直哉 ,1,11,6.73,1,0.24,13,2R,晴,無風,0,0,2020_11_19,1-3-4,1050,1-3-4,260,1-3,450,1-3,160,2020_11_19_13_2R
433,2,3,4356,長岡良也 ,7,24,6.73,3,0.23,13,2R,晴,無風,0,0,2020_11_19,1-3-4,1050,1-3-4,260,1-3,450,1-3,160,2020_11_19_13_2R
434,3,4,3896,上田洋平,14,70,6.75,4,0.26,13,2R,晴,無風,0,0,2020_11_19,1-3-4,1050,1-3-4,260,1-3,450,1-3,160,2020_11_19_13_2R
435,4,5,4103,山崎善庸,60,59,6.93,5,0.28,13,2R,晴,無風,0,0,2020_11_19,1-3-4,1050,1-3-4,260,1-3,450,1-3,160,2020_11_19_13_2R
436,5,2,4785,木幡純也,44,26,6.73,2,0.22,13,2R,晴,無風,0,0,2020_11_19,1-3-4,1050,1-3-4,260,1-3,450,1-3,160,2020_11_19_13_2R
437,6,6,5157,市川健太 ,5,34,6.79,6,0.29,13,2R,晴,無風,0,0,2020_11_19,1-3-4,1050,1-3-4,260,1-3,450,1-3,160,2020_11_19_13_2R
438,1,3,4075,中野次郎,15,54,6.72,3,0.13,13,3R,晴,無風,0,0,2020_11_19,3-6-1,3280,1-3-6,450,3-6,890,3-6,1060,2020_11_19_13_3R
439,2,6,3612,馬袋義則,38,58,6.71,4,0.20,13,3R,晴,無風,0,0,2020_11_19,3-6-1,3280,1-3-6,450,3-6,890,3-6,1060,2020_11_19_13_3R
440,3,1,3565,坂本徳克,56,38,6.64,1,0.11,13,3R,晴,無風,0,0,2020_11_19,3-6-1,3280,1-3-6,450,3-6,890,3-6,1060,2020_11_19_13_3R
441,4,2,3331,新美恵一,29,15,6.75,2,0.14,13,3R,晴,無風,0,0,2020_11_19,3-6-1,3280,1-3-6,450,3-6,890,3-6,1060,2020_11_19_13_3R
442,5,4,5000,岡本翔太郎,18,48,6.75,5,0.20,13,3R,晴,無風,0,0,2020_11_19,3-6-1,3280,1-3-6,450,3-6,890,3-6,1060,2020_11_19_13_3R
443,6,5,5130,上野拓馬,40,13,6.73,6,0.28,13,3R,晴,無風,0,0,2020_11_19,3-6-1,3280,1-3-6,450,3-6,890,3-6,1060,2020_11_19_13_3R
444,1,2,4025,山本隆幸,54,47,6.71,2,0.22,13,4R,晴,南,3,0,2020_11_19,2-1-3,740,1-2-3,180,2-1,400,1-2,180,2020_11_19_13_4R
445,2,1,4505,島田賢人,57,44,6.79,1,0.19,13,4R,晴,南,3,0,2020_11_19,2-1-3,740,1-2-3,180,2-1,400,1-2,180,2020_11_19_13_4R
446,3,3,3965,北中元樹,61,30,6.84,3,0.22,13,4R,晴,南,3,0,2020_11_19,2-1-3,740,1-2-3,180,2-1,400,1-2,180,2020_11_19_13_4R
447,4,5,4731,間野兼礼,43,20,6.84,5,0.12,13,4R,晴,南,3,0,2020_11_19,2-1-3,740,1-2-3,180,2-1,400,1-2,180,2020_11_19_13_4R
448,5,4,4078,渡辺史之,32,33,6.78,4,0.18,13,4R,晴,南,3,0,2020_11_19,2-1-3,740,1-2-3,180,2-1,400,1-2,180,2020_11_19_13_4R
449,6,6,3875,廣中良一,10,37,6.78,6,0.22,13,4R,晴,南,3,0,2020_11_19,2-1-3,740,1-2-3,180,2-1,400,1-2,180,2020_11_19_13_4R
450,1,2,4748,渡邉雄朗,11,46,6.66,2,0.10,13,5R,晴,無風,0,0,2020_11_19,2-4-5,1230,2-4-5,580,2-4,700,2-4,600,2020_11_19_13_5R
451,2,4,3327,野長瀬正孝,37,50,6.68,4,0.15,13,5R,晴,無風,0,0,2020_11_19,2-4-5,1230,2-4-5,580,2-4,700,2-4,600,2020_11_19_13_5R
452,3,5,3681,山谷央 ,2,39,6.74,5,0.13,13,5R,晴,無風,0,0,2020_11_19,2-4-5,1230,2-4-5,580,2-4,700,2-4,600,2020_11_19_13_5R
453,4,6,5115,香川颯太 ,3,36,6.69,6,0.21,13,5R,晴,無風,0,0,2020_11_19,2-4-5,1230,2-4-5,580,2-4,700,2-4,600,2020_11_19_13_5R
454,5,3,3441,土屋太朗,53,41,6.67,3,0.11,13,5R,晴,無風,0,0,2020_11_19,2-4-5,1230,2-4-5,580,2-4,700,2-4,600,2020_11_19_13_5R
455,6,1,4637,中田友也,34,19,6.78,1,0.22,13,5R,晴,無風,0,0,2020_11_19,2-4-5,1230,2-4-5,580,2-4,700,2-4,600,2020_11_19_13_5R
456,1,2,3467,森弘行,45,61,6.68,2,0.20,13,6R,晴,西,4,0,2020_11_19,2-5-4,157320,2-4-5,9900,2-5,16770,2-5,15850,2020_11_19_13_6R
457,2,5,4725,佐竹太一,42,45,6.68,5,0.09,13,6R,晴,西,4,0,2020_11_19,2-5-4,157320,2-4-5,9900,2-5,16770,2-5,15850,2020_11_19_13_6R
458,3,4,5042,畑田汰一,36,18,6.77,4,0.14,13,6R,晴,西,4,0,2020_11_19,2-5-4,157320,2-4-5,9900,2-5,16770,2-5,15850,2020_11_19_13_6R
459,4,1,3966,作間章,52,42,6.74,1,0.19,13,6R,晴,西,4,0,2020_11_19,2-5-4,157320,2-4-5,9900,2-5,16770,2-5,15850,2020_11_19_13_6R
460,5,6,3692,竹腰正樹,39,57,6.77,6,0.15,13,6R,晴,西,4,0,2020_11_19,2-5-4,157320,2-4-5,9900,2-5,16770,2-5,15850,2020_11_19_13_6R
461,6,3,3422,服部幸男,16,75,6.70,3,0.21,13,6R,晴,西,4,0,2020_11_19,2-5-4,157320,2-4-5,9900,2-5,16770,2-5,15850,2020_11_19_13_6R
462,1,2,4409,坂元浩仁,46,21,6.79,2,0.23,13,7R,晴,西,3,0,2020_11_19,2-1-4,3320,1-2-4,720,2-1,610,1-2,240,2020_11_19_13_7R
463,2,1,3814,金子貴志,25,64,6.76,1,0.22,13,7R,晴,西,3,0,2020_11_19,2-1-4,3320,1-2-4,720,2-1,610,1-2,240,2020_11_19_13_7R
464,3,4,3565,坂本徳克,56,38,6.71,4,0.18,13,7R,晴,西,3,0,2020_11_19,2-1-4,3320,1-2-4,720,2-1,610,1-2,240,2020_11_19_13_7R
465,4,3,4840,鈴木秀茉,47,65,6.65,3,0.21,13,7R,晴,西,3,0,2020_11_19,2-1-4,3320,1-2-4,720,2-1,610,1-2,240,2020_11_19_13_7R
466,5,6,4103,山崎善庸,60,59,6.83,6,0.27,13,7R,晴,西,3,0,2020_11_19,2-1-4,3320,1-2-4,720,2-1,610,1-2,240,2020_11_19_13_7R
467,6,5,4466,南佑典,28,17,6.81,5,0.22,13,7R,晴,西,3,0,2020_11_19,2-1-4,3320,1-2-4,720,2-1,610,1-2,240,2020_11_19_13_7R
468,1,1,3699,富永正人 ,4,14,6.75,1,0.19,13,8R,晴,南西,5,3,2020_11_19,1-5-4,2350,1-4-5,410,1-5,850,1-5,730,2020_11_19_13_8R
469,2,5,3331,新美恵一,29,15,6.77,5,0.15,13,8R,晴,南西,5,3,2020_11_19,1-5-4,2350,1-4-5,410,1-5,850,1-5,730,2020_11_19_13_8R
470,3,4,3200,熊谷直樹,30,16,6.76,4,0.07,13,8R,晴,南西,5,3,2020_11_19,1-5-4,2350,1-4-5,410,1-5,850,1-5,730,2020_11_19_13_8R
471,4,2,3075,中村裕将,59,53,6.74,2,0.13,13,8R,晴,南西,5,3,2020_11_19,1-5-4,2350,1-4-5,410,1-5,850,1-5,730,2020_11_19_13_8R
472,5,6,4785,木幡純也,44,26,6.80,6,0.25,13,8R,晴,南西,5,3,2020_11_19,1-5-4,2350,1-4-5,410,1-5,850,1-5,730,2020_11_19_13_8R
473,6,3,4078,渡辺史之,32,33,6.76,3,0.10,13,8R,晴,南西,5,3,2020_11_19,1-5-4,2350,1-4-5,410,1-5,850,1-5,730,2020_11_19_13_8R
474,1,4,4025,山本隆幸,54,47,6.68,4,0.12,13,9R,晴,西,3,0,2020_11_19,4-1-5,1520,1-4-5,240,4-1,640,1-4,180,2020_11_19_13_9R
475,2,1,3681,山谷央 ,2,39,6.71,1,0.24,13,9R,晴,西,3,0,2020_11_19,4-1-5,1520,1-4-5,240,4-1,640,1-4,180,2020_11_19_13_9R
476,3,5,4269,杉山裕也,33,74,6.63,5,0.18,13,9R,晴,西,3,0,2020_11_19,4-1-5,1520,1-4-5,240,4-1,640,1-4,180,2020_11_19_13_9R
477,4,3,4245,高橋直哉 ,1,11,6.75,3,0.24,13,9R,晴,西,3,0,2020_11_19,4-1-5,1520,1-4-5,240,4-1,640,1-4,180,2020_11_19_13_9R
478,5,6,4453,永田郁弥,21,73,6.74,6,0.18,13,9R,晴,西,3,0,2020_11_19,4-1-5,1520,1-4-5,240,4-1,640,1-4,180,2020_11_19_13_9R
479,6,2,5000,岡本翔太郎,18,48,6.73,2,0.29,13,9R,晴,西,3,0,2020_11_19,4-1-5,1520,1-4-5,240,4-1,640,1-4,180,2020_11_19_13_9R
480,1,1,4356,長岡良也 ,7,24,6.79,1,0.15,13,10R,曇り,南西,1,0,2020_11_19,1-6-3,1310,1-3-6,450,1-6,260,1-6,310,2020_11_19_13_10R
481,2,6,3422,服部幸男,16,75,6.75,4,0.19,13,10R,曇り,南西,1,0,2020_11_19,1-6-3,1310,1-3-6,450,1-6,260,1-6,310,2020_11_19_13_10R
482,3,3,3875,廣中良一,10,37,6.81,3,0.18,13,10R,曇り,南西,1,0,2020_11_19,1-6-3,1310,1-3-6,450,1-6,260,1-6,310,2020_11_19_13_10R
483,4,2,3957,大谷直弘,19,67,6.75,2,0.17,13,10R,曇り,南西,1,0,2020_11_19,1-6-3,1310,1-3-6,450,1-6,260,1-6,310,2020_11_19_13_10R
484,5,5,4449,中嶋達也,50,51,6.74,6,0.25,13,10R,曇り,南西,1,0,2020_11_19,1-6-3,1310,1-3-6,450,1-6,260,1-6,310,2020_11_19_13_10R
485,6,4,5115,香川颯太 ,3,36,6.77,5,0.29,13,10R,曇り,南西,1,0,2020_11_19,1-6-3,1310,1-3-6,450,1-6,260,1-6,310,2020_11_19_13_10R
486,1,1,4075,中野次郎,15,54,6.70,1,0.19,13,11R,曇り,南西,4,0,2020_11_19,1-3-5,650,1-3-5,330,1-3,230,1-3,260,2020_11_19_13_11R
487,2,3,4409,坂元浩仁,46,21,6.76,3,0.23,13,11R,曇り,南西,4,0,2020_11_19,1-3-5,650,1-3-5,330,1-3,230,1-3,260,2020_11_19_13_11R
488,3,5,3327,野長瀬正孝,37,50,6.72,5,0.24,13,11R,曇り,南西,4,0,2020_11_19,1-3-5,650,1-3-5,330,1-3,230,1-3,260,2020_11_19_13_11R
489,4,6,3406,中里英夫,58,56,6.81,6,0.27,13,11R,曇り,南西,4,0,2020_11_19,1-3-5,650,1-3-5,330,1-3,230,1-3,260,2020_11_19_13_11R
490,5,2,4327,加藤翔,51,12,6.64,2,0.27,13,11R,曇り,南西,4,0,2020_11_19,1-3-5,650,1-3-5,330,1-3,230,1-3,260,2020_11_19_13_11R
491,6,4,3966,作間章,52,42,6.80,4,0.32,13,11R,曇り,南西,4,0,2020_11_19,1-3-5,650,1-3-5,330,1-3,230,1-3,260,2020_11_19_13_11R
492,1,2,3692,竹腰正樹,39,57,6.67,1,0.14,13,12R,曇り,南西,4,0,2020_11_19,2-6-3,5270,2-3-6,520,2-6,2000,2-6,1290,2020_11_19_13_12R
493,2,6,4748,渡邉雄朗,11,46,6.63,5,0.27,13,12R,曇り,南西,4,0,2020_11_19,2-6-3,5270,2-3-6,520,2-6,2000,2-6,1290,2020_11_19_13_12R
494,3,3,3200,熊谷直樹,30,16,6.77,2,0.13,13,12R,曇り,南西,4,0,2020_11_19,2-6-3,5270,2-3-6,520,2-6,2000,2-6,1290,2020_11_19_13_12R
495,4,5,3965,北中元樹,61,30,6.77,4,0.38,13,12R,曇り,南西,4,0,2020_11_19,2-6-3,5270,2-3-6,520,2-6,2000,2-6,1290,2020_11_19_13_12R
496,5,4,3612,馬袋義則,38,58,6.69,3,0.10,13,12R,曇り,南西,4,0,2020_11_19,2-6-3,5270,2-3-6,520,2-6,2000,2-6,1290,2020_11_19_13_12R
497,1,1,3995,重野哲之,31,12,6.83,1,0.14,10,1R,晴,南,5,4,2020_11_19,1-3-4,460,1-3-4,210,1-3,270,1-3,400,2020_11_19_10_1R
498,2,3,4797,中山将,54,64,6.84,3,0.13,10,1R,晴,南,5,4,2020_11_19,1-3-4,460,1-3-4,210,1-3,270,1-3,400,2020_11_19_10_1R
499,3,4,3870,寺嶋雄,29,56,6.73,4,0.29,10,1R,晴,南,5,4,2020_11_19,1-3-4,460,1-3-4,210,1-3,270,1-3,400,2020_11_19_10_1R
500,4,2,3528,笠野友紀恵,53,70,6.79,2,0.17,10,1R,晴,南,5,4,2020_11_19,1-3-4,460,1-3-4,210,1-3,270,1-3,400,2020_11_19_10_1R
501,5,5,4780,マイケル田代,65,29,6.83,5,0.18,10,1R,晴,南,5,4,2020_11_19,1-3-4,460,1-3-4,210,1-3,270,1-3,400,2020_11_19_10_1R
502,6,6,5171,清水未唯,30,47,6.84,6,0.15,10,1R,晴,南,5,4,2020_11_19,1-3-4,460,1-3-4,210,1-3,270,1-3,400,2020_11_19_10_1R
503,1,2,3713,伊藤誠二,26,67,6.75,2,0.18,10,2R,晴,南東,5,4,2020_11_19,2-1-3,650,1-2-3,170,2-1,280,1-2,130,2020_11_19_10_2R
504,2,1,3877,松浦博人,40,68,6.78,1,0.07,10,2R,晴,南東,5,4,2020_11_19,2-1-3,650,1-2-3,170,2-1,280,1-2,130,2020_11_19_10_2R
505,3,3,3202,三品隆浩,21,26,6.80,3,0.25,10,2R,晴,南東,5,4,2020_11_19,2-1-3,650,1-2-3,170,2-1,280,1-2,130,2020_11_19_10_2R
506,4,5,5013,山下夏鈴,58,63,6.80,5,0.22,10,2R,晴,南東,5,4,2020_11_19,2-1-3,650,1-2-3,170,2-1,280,1-2,130,2020_11_19_10_2R
507,5,4,3797,岩井繁,50,17,6.81,4,0.18,10,2R,晴,南東,5,4,2020_11_19,2-1-3,650,1-2-3,170,2-1,280,1-2,130,2020_11_19_10_2R
508,6,6,5116,金子七海,68,49,6.89,6,0.30,10,2R,晴,南東,5,4,2020_11_19,2-1-3,650,1-2-3,170,2-1,280,1-2,130,2020_11_19_10_2R
509,1,5,3857,阿波勝哉,46,25,6.83,6,0.13,10,3R,晴,南東,9,7,2020_11_19,5-3-6,27000,3-5-6,8130,5-3,3120,3-5,2270,2020_11_19_10_3R
510,2,3,4233,亀山雅幸,61,71,6.76,3,0.21,10,3R,晴,南東,9,7,2020_11_19,5-3-6,27000,3-5-6,8130,5-3,3120,3-5,2270,2020_11_19_10_3R
511,3,6,3503,堂原洋史,35,35,6.70,5,0.12,10,3R,晴,南東,9,7,2020_11_19,5-3-6,27000,3-5-6,8130,5-3,3120,3-5,2270,2020_11_19_10_3R
512,4,2,5010,宇留田翔平,56,44,6.75,2,0.21,10,3R,晴,南東,9,7,2020_11_19,5-3-6,27000,3-5-6,8130,5-3,3120,3-5,2270,2020_11_19_10_3R
513,5,4,4400,加藤奈月,52,55,6.79,4,0.37,10,3R,晴,南東,9,7,2020_11_19,5-3-6,27000,3-5-6,8130,5-3,3120,3-5,2270,2020_11_19_10_3R
514,6,1,4216,星栄爾,19,15,6.79,1,0.22,10,3R,晴,南東,9,7,2020_11_19,5-3-6,27000,3-5-6,8130,5-3,3120,3-5,2270,2020_11_19_10_3R
515,1,1,4049,荒川健太,60,42,6.79,1,0.07,10,4R,晴,南東,7,6,2020_11_19,1-4-6,1230,1-4-6,370,1-4,570,1-4,480,2020_11_19_10_4R
516,2,4,3502,渡邉英児,38,62,6.79,4,0.08,10,4R,晴,南東,7,6,2020_11_19,1-4-6,1230,1-4-6,370,1-4,570,1-4,480,2020_11_19_10_4R
517,3,6,4095,福来剛,25,28,6.76,5,0.06,10,4R,晴,南東,7,6,2020_11_19,1-4-6,1230,1-4-6,370,1-4,570,1-4,480,2020_11_19_10_4R
518,4,2,4012,中村有裕,51,46,6.87,2,0.17,10,4R,晴,南東,7,6,2020_11_19,1-4-6,1230,1-4-6,370,1-4,570,1-4,480,2020_11_19_10_4R
519,5,3,4374,永田義紘,67,65,6.79,3,0.04,10,4R,晴,南東,7,6,2020_11_19,1-4-6,1230,1-4-6,370,1-4,570,1-4,480,2020_11_19_10_4R
520,6,5,5156,坂野さくら,43,13,6.80,6,0.12,10,4R,晴,南東,7,6,2020_11_19,1-4-6,1230,1-4-6,370,1-4,570,1-4,480,2020_11_19_10_4R
521,1,1,4003,表憲一,63,48,6.77,1,0.17,10,5R,晴,南東,8,7,2020_11_19,1-6-2,3030,1-2-6,1180,1-6,550,1-6,400,2020_11_19_10_5R
522,2,6,4468,大池佑来,20,27,6.89,5,0.17,10,5R,晴,南東,8,7,2020_11_19,1-6-2,3030,1-2-6,1180,1-6,550,1-6,400,2020_11_19_10_5R
523,3,2,4941,孫崎百世,64,23,6.76,2,0.22,10,5R,晴,南東,8,7,2020_11_19,1-6-2,3030,1-2-6,1180,1-6,550,1-6,400,2020_11_19_10_5R
524,4,3,4608,荒井翔伍,42,66,6.92,3,0.18,10,5R,晴,南東,8,7,2020_11_19,1-6-2,3030,1-2-6,1180,1-6,550,1-6,400,2020_11_19_10_5R
525,5,4,3591,後藤孝義,47,50,6.83,4,0.26,10,5R,晴,南東,8,7,2020_11_19,1-6-2,3030,1-2-6,1180,1-6,550,1-6,400,2020_11_19_10_5R
526,1,1,3761,山本光雄,49,11,6.73,1,0.29,10,6R,晴,南東,9,8,2020_11_19,1-3-2,940,1-2-3,210,1-3,280,1-3,250,2020_11_19_10_6R
527,2,3,4144,石塚久也,17,38,6.84,3,0.23,10,6R,晴,南東,9,8,2020_11_19,1-3-2,940,1-2-3,210,1-3,280,1-3,250,2020_11_19_10_6R
528,3,2,4516,野口勝弘,48,45,6.79,2,0.26,10,6R,晴,南東,9,8,2020_11_19,1-3-2,940,1-2-3,210,1-3,280,1-3,250,2020_11_19_10_6R
529,4,5,3939,渡辺真至,36,18,6.81,4,0.21,10,6R,晴,南東,9,8,2020_11_19,1-3-2,940,1-2-3,210,1-3,280,1-3,250,2020_11_19_10_6R
530,5,6,3430,角浜修,37,32,6.82,5,0.24,10,6R,晴,南東,9,8,2020_11_19,1-3-2,940,1-2-3,210,1-3,280,1-3,250,2020_11_19_10_6R
531,6,4,5116,金子七海,68,49,6.80,6,0.33,10,6R,晴,南東,9,8,2020_11_19,1-3-2,940,1-2-3,210,1-3,280,1-3,250,2020_11_19_10_6R
532,1,5,4335,若林将,22,41,6.77,5,0.13,10,7R,晴,南東,7,6,2020_11_19,5-4-1,6900,1-4-5,970,5-4,1110,4-5,260,2020_11_19_10_7R
533,2,4,3995,重野哲之,31,12,6.78,4,0.12,10,7R,晴,南東,7,6,2020_11_19,5-4-1,6900,1-4-5,970,5-4,1110,4-5,260,2020_11_19_10_7R
534,3,1,4400,加藤奈月,52,55,6.89,1,0.28,10,7R,晴,南東,7,6,2020_11_19,5-4-1,6900,1-4-5,970,5-4,1110,4-5,260,2020_11_19_10_7R
535,4,3,5013,山下夏鈴,58,63,6.81,3,0.31,10,7R,晴,南東,7,6,2020_11_19,5-4-1,6900,1-4-5,970,5-4,1110,4-5,260,2020_11_19_10_7R
536,5,6,4177,萬正嗣,66,33,6.80,6,0.16,10,7R,晴,南東,7,6,2020_11_19,5-4-1,6900,1-4-5,970,5-4,1110,4-5,260,2020_11_19_10_7R
537,6,2,3538,菊池峰晴,11,51,6.85,2,0.24,10,7R,晴,南東,7,6,2020_11_19,5-4-1,6900,1-4-5,970,5-4,1110,4-5,260,2020_11_19_10_7R
538,1,2,4928,栗城匠,27,39,6.79,2,0.24,10,8R,晴,南東,9,7,2020_11_19,2-1-5,1000,1-2-5,220,2-1,490,1-2,280,2020_11_19_10_8R
539,2,1,4797,中山将,54,64,6.76,1,0.22,10,8R,晴,南東,9,7,2020_11_19,2-1-5,1000,1-2-5,220,2-1,490,1-2,280,2020_11_19_10_8R
540,3,5,3713,伊藤誠二,26,67,6.75,5,0.22,10,8R,晴,南東,9,7,2020_11_19,2-1-5,1000,1-2-5,220,2-1,490,1-2,280,2020_11_19_10_8R
541,4,4,4649,和田操拓,23,53,6.81,4,0.25,10,8R,晴,南東,9,7,2020_11_19,2-1-5,1000,1-2-5,220,2-1,490,1-2,280,2020_11_19_10_8R
542,5,3,5010,宇留田翔平,56,44,6.81,3,0.29,10,8R,晴,南東,9,7,2020_11_19,2-1-5,1000,1-2-5,220,2-1,490,1-2,280,2020_11_19_10_8R
543,6,6,5156,坂野さくら,43,13,6.78,6,0.29,10,8R,晴,南東,9,7,2020_11_19,2-1-5,1000,1-2-5,220,2-1,490,1-2,280,2020_11_19_10_8R
544,1,4,3811,石田章央,14,20,6.86,4,0.18,10,9R,晴,南東,9,7,2020_11_19,4-1-5,7250,1-4-5,1960,4-1,1990,1-4,1180,2020_11_19_10_9R
545,2,1,3870,寺嶋雄,29,56,6.79,1,0.24,10,9R,晴,南東,9,7,2020_11_19,4-1-5,7250,1-4-5,1960,4-1,1990,1-4,1180,2020_11_19_10_9R
546,3,5,4049,荒川健太,60,42,6.88,5,0.27,10,9R,晴,南東,9,7,2020_11_19,4-1-5,7250,1-4-5,1960,4-1,1990,1-4,1180,2020_11_19_10_9R
547,4,6,3580,水口由紀,33,43,6.86,6,0.26,10,9R,晴,南東,9,7,2020_11_19,4-1-5,7250,1-4-5,1960,4-1,1990,1-4,1180,2020_11_19_10_9R
548,5,3,3877,松浦博人,40,68,6.94,3,0.25,10,9R,晴,南東,9,7,2020_11_19,4-1-5,7250,1-4-5,1960,4-1,1990,1-4,1180,2020_11_19_10_9R
549,6,2,4468,大池佑来,20,27,6.84,2,0.24,10,9R,晴,南東,9,7,2020_11_19,4-1-5,7250,1-4-5,1960,4-1,1990,1-4,1180,2020_11_19_10_9R
550,1,1,3502,渡邉英児,38,62,6.84,1,0.14,10,10R,晴,南東,8,7,2020_11_19,1-6-5,3120,1-5-6,1460,1-6,850,1-6,770,2020_11_19_10_10R
551,2,6,4144,石塚久也,17,38,6.80,6,0.11,10,10R,晴,南東,8,7,2020_11_19,1-6-5,3120,1-5-6,1460,1-6,850,1-6,770,2020_11_19_10_10R
552,3,5,4216,星栄爾,19,15,6.81,5,0.11,10,10R,晴,南東,8,7,2020_11_19,1-6-5,3120,1-5-6,1460,1-6,850,1-6,770,2020_11_19_10_10R
553,4,4,3548,室田泰史,15,36,6.84,4,0.13,10,10R,晴,南東,8,7,2020_11_19,1-6-5,3120,1-5-6,1460,1-6,850,1-6,770,2020_11_19_10_10R
554,5,3,4941,孫崎百世,64,23,6.81,3,0.19,10,10R,晴,南東,8,7,2020_11_19,1-6-5,3120,1-5-6,1460,1-6,850,1-6,770,2020_11_19_10_10R
555,6,2,4780,マイケル田代,65,29,6.87,2,0.14,10,10R,晴,南東,8,7,2020_11_19,1-6-5,3120,1-5-6,1460,1-6,850,1-6,770,2020_11_19_10_10R
556,1,4,4912,中山将太,55,60,6.79,4,0.19,10,11R,晴,南東,8,7,2020_11_19,4-2-5,11970,2-4-5,3960,4-2,2530,2-4,900,2020_11_19_10_11R
557,2,2,4095,福来剛,25,28,6.80,2,0.21,10,11R,晴,南東,8,7,2020_11_19,4-2-5,11970,2-4-5,3960,4-2,2530,2-4,900,2020_11_19_10_11R
558,3,5,4417,服部剛,72,40,6.84,5,0.27,10,11R,晴,南東,8,7,2020_11_19,4-2-5,11970,2-4-5,3960,4-2,2530,2-4,900,2020_11_19_10_11R
559,4,3,4335,若林将,22,41,6.91,3,0.24,10,11R,晴,南東,8,7,2020_11_19,4-2-5,11970,2-4-5,3960,4-2,2530,2-4,900,2020_11_19_10_11R
560,5,1,3591,後藤孝義,47,50,6.80,1,0.19,10,11R,晴,南東,8,7,2020_11_19,4-2-5,11970,2-4-5,3960,4-2,2530,2-4,900,2020_11_19_10_11R
561,6,6,4516,野口勝弘,48,45,6.78,6,0.30,10,11R,晴,南東,8,7,2020_11_19,4-2-5,11970,2-4-5,3960,4-2,2530,2-4,900,2020_11_19_10_11R
562,1,1,3939,渡辺真至,36,18,6.78,1,0.09,10,12R,晴,南東,7,6,2020_11_19,1-4-5,2040,1-4-5,690,1-4,440,1-4,420,2020_11_19_10_12R
563,2,4,4233,亀山雅幸,61,71,6.81,4,0.18,10,12R,晴,南東,7,6,2020_11_19,1-4-5,2040,1-4-5,690,1-4,440,1-4,420,2020_11_19_10_12R
564,3,5,3202,三品隆浩,21,26,6.80,5,0.24,10,12R,晴,南東,7,6,2020_11_19,1-4-5,2040,1-4-5,690,1-4,440,1-4,420,2020_11_19_10_12R
565,4,2,4608,荒井翔伍,42,66,6.78,2,0.14,10,12R,晴,南東,7,6,2020_11_19,1-4-5,2040,1-4-5,690,1-4,440,1-4,420,2020_11_19_10_12R
566,5,3,3538,菊池峰晴,11,51,6.80,3,0.17,10,12R,晴,南東,7,6,2020_11_19,1-4-5,2040,1-4-5,690,1-4,440,1-4,420,2020_11_19_10_12R
567,6,6,4012,中村有裕,51,46,6.86,6,0.22,10,12R,晴,南東,7,6,2020_11_19,1-4-5,2040,1-4-5,690,1-4,440,1-4,420,2020_11_19_10_12R
568,1,1,4808,松尾拓,69,50,6.77,1,0.09,09,1R,曇り,東,1,1,2020_11_19,1-4-2,890,1-2-4,330,1-4,350,1-4,430,2020_11_19_09_1R
569,2,4,4418,茅原悠紀,72,39,6.74,4,0.12,09,1R,曇り,東,1,1,2020_11_19,1-4-2,890,1-2-4,330,1-4,350,1-4,430,2020_11_19_09_1R
570,3,2,4754,松尾充,60,24,6.79,2,0.10,09,1R,曇り,東,1,1,2020_11_19,1-4-2,890,1-2-4,330,1-4,350,1-4,430,2020_11_19_09_1R
571,4,5,4688,永井彪也,39,66,6.77,5,0.08,09,1R,曇り,東,1,1,2020_11_19,1-4-2,890,1-2-4,330,1-4,350,1-4,430,2020_11_19_09_1R
572,5,3,4189,川上剛,62,74,6.73,3,0.14,09,1R,曇り,東,1,1,2020_11_19,1-4-2,890,1-2-4,330,1-4,350,1-4,430,2020_11_19_09_1R
573,6,6,4446,和田兼輔,13,30,6.81,6,0.13,09,1R,曇り,東,1,1,2020_11_19,1-4-2,890,1-2-4,330,1-4,350,1-4,430,2020_11_19_09_1R
574,1,1,4760,山崎郡,70,61,6.73,1,0.14,09,2R,曇り,東,1,1,2020_11_19,1-3-6,2620,1-3-6,1450,1-3,430,1-3,330,2020_11_19_09_2R
575,2,3,4703,森永隆,34,29,6.79,4,0.20,09,2R,曇り,東,1,1,2020_11_19,1-3-6,2620,1-3-6,1450,1-3,430,1-3,330,2020_11_19_09_2R
576,3,6,4535,北山康介,48,16,6.72,6,0.13,09,2R,曇り,東,1,1,2020_11_19,1-3-6,2620,1-3-6,1450,1-3,430,1-3,330,2020_11_19_09_2R
577,4,4,3284,渡邊伸太郎,73,58,6.86,2,0.22,09,2R,曇り,東,1,1,2020_11_19,1-3-6,2620,1-3-6,1450,1-3,430,1-3,330,2020_11_19_09_2R
578,5,2,3388,今垣光太郎,27,45,6.77,3,0.21,09,2R,曇り,東,1,1,2020_11_19,1-3-6,2620,1-3-6,1450,1-3,430,1-3,330,2020_11_19_09_2R
579,6,5,4584,村岡賢人,20,14,6.69,5,0.16,09,2R,曇り,東,1,1,2020_11_19,1-3-6,2620,1-3-6,1450,1-3,430,1-3,330,2020_11_19_09_2R
580,1,1,4174,赤坂俊輔,54,38,6.78,1,0.08,09,3R,晴,東,1,1,2020_11_19,1-3-4,1800,1-3-4,660,1-3,630,1-3,360,2020_11_19_09_3R
581,2,3,4488,小山勉,26,56,6.75,3,0.11,09,3R,晴,東,1,1,2020_11_19,1-3-4,1800,1-3-4,660,1-3,630,1-3,360,2020_11_19_09_3R
582,3,4,4344,新田雄史,64,33,6.77,4,0.14,09,3R,晴,東,1,1,2020_11_19,1-3-4,1800,1-3-4,660,1-3,630,1-3,360,2020_11_19_09_3R
583,4,6,4033,伊藤将吉,50,62,6.78,6,0.12,09,3R,晴,東,1,1,2020_11_19,1-3-4,1800,1-3-4,660,1-3,630,1-3,360,2020_11_19_09_3R
584,5,5,3918,深井利寿,71,37,6.73,5,0.16,09,3R,晴,東,1,1,2020_11_19,1-3-4,1800,1-3-4,660,1-3,630,1-3,360,2020_11_19_09_3R
585,6,2,4074,柳沢一,61,31,6.80,2,0.08,09,3R,晴,東,1,1,2020_11_19,1-3-4,1800,1-3-4,660,1-3,630,1-3,360,2020_11_19_09_3R
586,1,1,3978,齊藤仁,37,27,6.78,1,0.05,09,4R,晴,東,2,1,2020_11_19,1-2-3,1290,1-2-3,620,1-2,300,1-2,250,2020_11_19_09_4R
587,2,2,3909,佐々木康幸,41,35,6.76,2,0.06,09,4R,晴,東,2,1,2020_11_19,1-2-3,1290,1-2-3,620,1-2,300,1-2,250,2020_11_19_09_4R
588,3,3,3940,飯山泰,32,52,6.80,3,0.10,09,4R,晴,東,2,1,2020_11_19,1-2-3,1290,1-2-3,620,1-2,300,1-2,250,2020_11_19_09_4R
589,4,4,3719,辻栄蔵,57,12,6.74,4,0.15,09,4R,晴,東,2,1,2020_11_19,1-2-3,1290,1-2-3,620,1-2,300,1-2,250,2020_11_19_09_4R
590,5,5,4682,大上卓人,40,19,6.80,5,0.14,09,4R,晴,東,2,1,2020_11_19,1-2-3,1290,1-2-3,620,1-2,300,1-2,250,2020_11_19_09_4R
591,6,6,4524,深谷知博,45,76,6.78,6,0.13,09,4R,晴,東,2,1,2020_11_19,1-2-3,1290,1-2-3,620,1-2,300,1-2,250,2020_11_19_09_4R
592,1,1,4256,渡辺浩司,15,48,6.78,1,0.10,09,5R,晴,東,3,2,2020_11_19,1-4-3,1790,1-3-4,290,1-4,790,1-4,920,2020_11_19_09_5R
593,2,4,4688,永井彪也,39,66,6.82,4,0.11,09,5R,晴,東,3,2,2020_11_19,1-4-3,1790,1-3-4,290,1-4,790,1-4,920,2020_11_19_09_5R
594,3,3,4320,峰竜太,35,22,6.74,3,0.12,09,5R,晴,東,3,2,2020_11_19,1-4-3,1790,1-3-4,290,1-4,790,1-4,920,2020_11_19_09_5R
595,4,2,4189,川上剛,62,74,6.73,2,0.16,09,5R,晴,東,3,2,2020_11_19,1-4-3,1790,1-3-4,290,1-4,790,1-4,920,2020_11_19_09_5R
596,5,6,4441,末永由楽,16,55,6.72,6,0.26,09,5R,晴,東,3,2,2020_11_19,1-4-3,1790,1-3-4,290,1-4,790,1-4,920,2020_11_19_09_5R
597,6,5,4294,古賀繁輝,58,69,6.77,5,0.13,09,5R,晴,東,3,2,2020_11_19,1-4-3,1790,1-3-4,290,1-4,790,1-4,920,2020_11_19_09_5R
598,1,1,4659,木下翔太,44,13,6.80,1,0.10,09,6R,晴,東,2,1,2020_11_19,1-5-6,3580,1-5-6,1110,1-5,1040,1-5,900,2020_11_19_09_6R
599,2,5,4760,山崎郡,70,61,6.81,5,0.12,09,6R,晴,東,2,1,2020_11_19,1-5-6,3580,1-5-6,1110,1-5,1040,1-5,900,2020_11_19_09_6R
600,3,6,3795,金子龍介,66,75,6.83,6,0.15,09,6R,晴,東,2,1,2020_11_19,1-5-6,3580,1-5-6,1110,1-5,1040,1-5,900,2020_11_19_09_6R
601,4,2,3968,茶谷信次,14,26,6.83,2,0.12,09,6R,晴,東,2,1,2020_11_19,1-5-6,3580,1-5-6,1110,1-5,1040,1-5,900,2020_11_19_09_6R
602,5,3,3388,今垣光太郎,27,45,6.83,3,0.11,09,6R,晴,東,2,1,2020_11_19,1-5-6,3580,1-5-6,1110,1-5,1040,1-5,900,2020_11_19_09_6R
603,6,4,4754,松尾充,60,24,6.82,4,0.16,09,6R,晴,東,2,1,2020_11_19,1-5-6,3580,1-5-6,1110,1-5,1040,1-5,900,2020_11_19_09_6R
604,1,1,3719,辻栄蔵,57,12,6.74,1,0.20,09,7R,晴,東,2,1,2020_11_19,1-3-2,1280,1-2-3,520,1-3,290,1-3,270,2020_11_19_09_7R
605,2,3,4856,豊田健士郎,22,59,6.75,3,0.28,09,7R,晴,東,2,1,2020_11_19,1-3-2,1280,1-2-3,520,1-3,290,1-3,270,2020_11_19_09_7R
606,3,2,4446,和田兼輔,13,30,6.81,2,0.21,09,7R,晴,東,2,1,2020_11_19,1-3-2,1280,1-2-3,520,1-3,290,1-3,270,2020_11_19_09_7R
607,4,5,4174,赤坂俊輔,54,38,6.83,5,0.29,09,7R,晴,東,2,1,2020_11_19,1-3-2,1280,1-2-3,520,1-3,290,1-3,270,2020_11_19_09_7R
608,5,4,4074,柳沢一,61,31,6.81,4,0.28,09,7R,晴,東,2,1,2020_11_19,1-3-2,1280,1-2-3,520,1-3,290,1-3,270,2020_11_19_09_7R
609,6,6,3284,渡邊伸太郎,73,58,6.89,6,0.34,09,7R,晴,東,2,1,2020_11_19,1-3-2,1280,1-2-3,520,1-3,290,1-3,270,2020_11_19_09_7R
610,1,1,4344,新田雄史,64,33,6.82,1,0.08,09,8R,晴,南東,2,1,2020_11_19,1-3-2,680,1-2-3,280,1-3,260,1-3,250,2020_11_19_09_8R
611,2,3,4418,茅原悠紀,72,39,6.76,3,0.16,09,8R,晴,南東,2,1,2020_11_19,1-3-2,680,1-2-3,280,1-3,260,1-3,250,2020_11_19_09_8R
612,3,2,4535,北山康介,48,16,6.79,2,0.12,09,8R,晴,南東,2,1,2020_11_19,1-3-2,680,1-2-3,280,1-3,260,1-3,250,2020_11_19_09_8R
613,4,6,3940,飯山泰,32,52,6.85,6,0.21,09,8R,晴,南東,2,1,2020_11_19,1-3-2,680,1-2-3,280,1-3,260,1-3,250,2020_11_19_09_8R
614,5,4,3909,佐々木康幸,41,35,6.82,4,0.14,09,8R,晴,南東,2,1,2020_11_19,1-3-2,680,1-2-3,280,1-3,260,1-3,250,2020_11_19_09_8R
615,6,5,4256,渡辺浩司,15,48,6.82,5,0.18,09,8R,晴,南東,2,1,2020_11_19,1-3-2,680,1-2-3,280,1-3,260,1-3,250,2020_11_19_09_8R
616,1,1,4320,峰竜太,35,22,6.75,1,0.16,09,9R,晴,無風,0,0,2020_11_19,1-3-4,510,1-3-4,360,1-3,220,1-3,210,2020_11_19_09_9R
617,2,3,4659,木下翔太,44,13,6.82,3,0.25,09,9R,晴,無風,0,0,2020_11_19,1-3-4,510,1-3-4,360,1-3,220,1-3,210,2020_11_19_09_9R
618,3,4,4808,松尾拓,69,50,6.86,4,0.25,09,9R,晴,無風,0,0,2020_11_19,1-3-4,510,1-3-4,360,1-3,220,1-3,210,2020_11_19_09_9R
619,4,5,3978,齊藤仁,37,27,6.87,5,0.24,09,9R,晴,無風,0,0,2020_11_19,1-3-4,510,1-3-4,360,1-3,220,1-3,210,2020_11_19_09_9R
620,5,6,4703,森永隆,34,29,6.85,6,0.22,09,9R,晴,無風,0,0,2020_11_19,1-3-4,510,1-3-4,360,1-3,220,1-3,210,2020_11_19_09_9R
621,6,2,4033,伊藤将吉,50,62,6.81,2,0.20,09,9R,晴,無風,0,0,2020_11_19,1-3-4,510,1-3-4,360,1-3,220,1-3,210,2020_11_19_09_9R
622,1,1,4024,井口佳典,33,17,6.70,1,0.15,09,10R,晴,南東,3,2,2020_11_19,1-3-4,910,1-3-4,540,1-3,330,1-3,380,2020_11_19_09_10R
623,2,3,4604,岩瀬裕亮,38,73,6.73,3,0.16,09,10R,晴,南東,3,2,2020_11_19,1-3-4,910,1-3-4,540,1-3,330,1-3,380,2020_11_19_09_10R
624,3,4,4586,磯部誠,17,53,6.73,4,0.13,09,10R,晴,南東,3,2,2020_11_19,1-3-4,910,1-3-4,540,1-3,330,1-3,380,2020_11_19_09_10R
625,4,2,4227,安達裕樹,43,67,6.76,2,0.16,09,10R,晴,南東,3,2,2020_11_19,1-3-4,910,1-3-4,540,1-3,330,1-3,380,2020_11_19_09_10R
626,5,6,4044,湯川浩司,19,25,6.65,6,0.17,09,10R,晴,南東,3,2,2020_11_19,1-3-4,910,1-3-4,540,1-3,330,1-3,380,2020_11_19_09_10R
627,6,5,3941,池田浩二,49,15,6.80,5,0.21,09,10R,晴,南東,3,2,2020_11_19,1-3-4,910,1-3-4,540,1-3,330,1-3,380,2020_11_19_09_10R
628,1,4,3984,坂口周,31,44,6.73,4,0.09,09,11R,晴,南,1,1,2020_11_19,4-2-6,51370,2-4-6,9810,4-2,5740,2-4,3170,2020_11_19_09_11R
629,2,2,3415,松井繁,36,72,6.81,2,0.17,09,11R,晴,南,1,1,2020_11_19,4-2-6,51370,2-4-6,9810,4-2,5740,2-4,3170,2020_11_19_09_11R
630,3,6,4364,池永太,67,32,6.83,6,0.17,09,11R,晴,南,1,1,2020_11_19,4-2-6,51370,2-4-6,9810,4-2,5740,2-4,3170,2020_11_19_09_11R
631,4,3,4236,松村敏,29,18,6.80,3,0.15,09,11R,晴,南,1,1,2020_11_19,4-2-6,51370,2-4-6,9810,4-2,5740,2-4,3170,2020_11_19_09_11R
632,5,5,4013,中島孝平,23,64,6.83,5,0.21,09,11R,晴,南,1,1,2020_11_19,4-2-6,51370,2-4-6,9810,4-2,5740,2-4,3170,2020_11_19_09_11R
633,6,1,3826,村田修次,56,51,6.79,1,0.18,09,11R,晴,南,1,1,2020_11_19,4-2-6,51370,2-4-6,9810,4-2,5740,2-4,3170,2020_11_19_09_11R
634,1,1,3779,原田幸哉,47,28,6.72,1,0.10,09,12R,晴,南東,1,1,2020_11_19,1-2-3,570,1-2-3,300,1-2,250,1-2,230,2020_11_19_09_12R
635,2,2,4337,平本真之,11,57,6.84,2,0.19,09,12R,晴,南東,1,1,2020_11_19,1-2-3,570,1-2-3,300,1-2,250,1-2,230,2020_11_19_09_12R
636,3,3,4573,佐藤翼,28,11,6.78,3,0.26,09,12R,晴,南東,1,1,2020_11_19,1-2-3,570,1-2-3,300,1-2,250,1-2,230,2020_11_19_09_12R
637,4,5,3557,太田和美,30,63,6.77,4,0.36,09,12R,晴,南東,1,1,2020_11_19,1-2-3,570,1-2-3,300,1-2,250,1-2,230,2020_11_19_09_12R
638,5,4,4472,尾嶋一広,24,68,6.79,6,0.16,09,12R,晴,南東,1,1,2020_11_19,1-2-3,570,1-2-3,300,1-2,250,1-2,230,2020_11_19_09_12R
639,6,6,3946,赤岩善生,68,20,6.78,5,0.23,09,12R,晴,南東,1,1,2020_11_19,1-2-3,570,1-2-3,300,1-2,250,1-2,230,2020_11_19_09_12R
640,1,2,4944,田代達也,62,37,6.66,2,0.18,03,1R,晴,南,5,0,2020_11_19,2-1-5,6030,1-2-5,1590,2-1,830,1-2,440,2020_11_19_03_1R
641,2,1,5066,鈴木孝明,59,65,6.69,1,0.12,03,1R,晴,南,5,0,2020_11_19,2-1-5,6030,1-2-5,1590,2-1,830,1-2,440,2020_11_19_03_1R
642,3,5,5016,宮田龍馬,37,15,6.84,5,0.18,03,1R,晴,南,5,0,2020_11_19,2-1-5,6030,1-2-5,1590,2-1,830,1-2,440,2020_11_19_03_1R
643,4,4,5049,松井友汰,68,45,6.81,4,0.21,03,1R,晴,南,5,0,2020_11_19,2-1-5,6030,1-2-5,1590,2-1,830,1-2,440,2020_11_19_03_1R
644,5,3,4989,石原翼,57,30,6.76,3,0.18,03,1R,晴,南,5,0,2020_11_19,2-1-5,6030,1-2-5,1590,2-1,830,1-2,440,2020_11_19_03_1R
645,6,6,5100,栗原一馬,53,17,6.86,6,0.26,03,1R,晴,南,5,0,2020_11_19,2-1-5,6030,1-2-5,1590,2-1,830,1-2,440,2020_11_19_03_1R
646,1,1,5004,河野主樹,61,29,6.69,1,0.16,03,2R,晴,南西,7,5,2020_11_19,1-6-4,11670,1-4-6,1490,1-6,3540,1-6,3100,2020_11_19_03_2R
647,2,6,4769,馬場剛,28,55,6.85,6,0.21,03,2R,晴,南西,7,5,2020_11_19,1-6-4,11670,1-4-6,1490,1-6,3540,1-6,3100,2020_11_19_03_2R
648,3,4,5047,國分将太郎,34,68,6.72,4,0.25,03,2R,晴,南西,7,5,2020_11_19,1-6-4,11670,1-4-6,1490,1-6,3540,1-6,3100,2020_11_19_03_2R
649,4,2,4918,川島拓郎,45,36,6.85,2,0.26,03,2R,晴,南西,7,5,2020_11_19,1-6-4,11670,1-4-6,1490,1-6,3540,1-6,3100,2020_11_19_03_2R
650,5,3,4888,金児隆太,56,34,6.67,3,0.19,03,2R,晴,南西,7,5,2020_11_19,1-6-4,11670,1-4-6,1490,1-6,3540,1-6,3100,2020_11_19_03_2R
651,6,5,5058,前原大道,60,69,6.72,5,0.21,03,2R,晴,南西,7,5,2020_11_19,1-6-4,11670,1-4-6,1490,1-6,3540,1-6,3100,2020_11_19_03_2R
652,1,2,4976,金山立樹,65,58,6.84,2,0.17,03,3R,晴,南西,9,5,2020_11_19,2-5-6,2390,2-5-6,430,2-5,1270,2-5,630,2020_11_19_03_3R
653,2,5,4886,入海馨,51,62,6.80,5,0.11,03,3R,晴,南西,9,5,2020_11_19,2-5-6,2390,2-5-6,430,2-5,1270,2-5,630,2020_11_19_03_3R
654,3,6,4772,石丸海渡,52,56,7.00,6,0.15,03,3R,晴,南西,9,5,2020_11_19,2-5-6,2390,2-5-6,430,2-5,1270,2-5,630,2020_11_19_03_3R
655,4,1,5112,砂長知輝,14,21,6.78,1,0.16,03,3R,晴,南西,9,5,2020_11_19,2-5-6,2390,2-5-6,430,2-5,1270,2-5,630,2020_11_19_03_3R
656,5,4,5077,滝沢崚,38,46,6.73,4,0.12,03,3R,晴,南西,9,5,2020_11_19,2-5-6,2390,2-5-6,430,2-5,1270,2-5,630,2020_11_19_03_3R
657,6,3,4956,齊藤大将,66,70,6.96,3,0.09,03,3R,晴,南西,9,5,2020_11_19,2-5-6,2390,2-5-6,430,2-5,1270,2-5,630,2020_11_19_03_3R
658,1,4,4880,澤崎雄哉,49,32,7.34,4,0.07,03,4R,晴,南西,7,5,2020_11_19,4-6-3,7690,3-4-6,1440,4-6,1400,4-6,610,2020_11_19_03_4R
659,2,6,4851,関浩哉,29,33,7.25,6,0.23,03,4R,晴,南西,7,5,2020_11_19,4-6-3,7690,3-4-6,1440,4-6,1400,4-6,610,2020_11_19_03_4R
660,3,3,5051,松本純平,47,27,7.05,3,0.18,03,4R,晴,南西,7,5,2020_11_19,4-6-3,7690,3-4-6,1440,4-6,1400,4-6,610,2020_11_19_03_4R
661,4,2,5039,倉田茂将,18,31,7.23,2,0.23,03,4R,晴,南西,7,5,2020_11_19,4-6-3,7690,3-4-6,1440,4-6,1400,4-6,610,2020_11_19_03_4R
662,5,1,5037,田頭虎親,22,71,7.00,1,0.21,03,4R,晴,南西,7,5,2020_11_19,4-6-3,7690,3-4-6,1440,4-6,1400,4-6,610,2020_11_19_03_4R
663,1,2,4945,上村宏太,58,13,7.17,2,0.02,03,5R,晴,南西,9,5,2020_11_19,2-1-5,5680,1-2-5,1130,2-1,2300,1-2,810,2020_11_19_03_5R
664,2,1,5016,宮田龍馬,37,15,7.27,1,0.11,03,5R,晴,南西,9,5,2020_11_19,2-1-5,5680,1-2-5,1130,2-1,2300,1-2,810,2020_11_19_03_5R
665,3,5,4933,板橋侑我,50,18,7.30,5,0.28,03,5R,晴,南西,9,5,2020_11_19,2-1-5,5680,1-2-5,1130,2-1,2300,1-2,810,2020_11_19_03_5R
666,4,3,4959,井上忠政,55,39,7.78,3,0.10,03,5R,晴,南西,9,5,2020_11_19,2-1-5,5680,1-2-5,1130,2-1,2300,1-2,810,2020_11_19_03_5R
667,5,6,4925,森悠稀,11,23,7.05,6,0.18,03,5R,晴,南西,9,5,2020_11_19,2-1-5,5680,1-2-5,1130,2-1,2300,1-2,810,2020_11_19_03_5R
668,6,4,5087,佐藤航,17,60,7.50,4,0.13,03,5R,晴,南西,9,5,2020_11_19,2-1-5,5680,1-2-5,1130,2-1,2300,1-2,810,2020_11_19_03_5R
669,1,1,4842,山下昂大,21,24,6.98,1,0.27,03,6R,晴,南,0,0,2020_11_19,1-4-2,6460,1-2-4,830,1-4,2000,1-4,1210,2020_11_19_03_6R
670,2,4,4944,田代達也,62,37,6.75,4,0.30,03,6R,晴,南,0,0,2020_11_19,1-4-2,6460,1-2-4,830,1-4,2000,1-4,1210,2020_11_19_03_6R
671,3,2,5002,上田健太,63,22,6.83,2,0.27,03,6R,晴,南,0,0,2020_11_19,1-4-2,6460,1-2-4,830,1-4,2000,1-4,1210,2020_11_19_03_6R
672,4,3,4926,吉川貴仁,10,41,7.13,3,0.29,03,6R,晴,南,0,0,2020_11_19,1-4-2,6460,1-2-4,830,1-4,2000,1-4,1210,2020_11_19_03_6R
673,5,6,4857,加藤翔馬,40,52,7.18,6,0.37,03,6R,晴,南,0,0,2020_11_19,1-4-2,6460,1-2-4,830,1-4,2000,1-4,1210,2020_11_19_03_6R
674,6,5,5004,河野主樹,61,29,7.03,5,0.38,03,6R,晴,南,0,0,2020_11_19,1-4-2,6460,1-2-4,830,1-4,2000,1-4,1210,2020_11_19_03_6R
675,1,2,4836,大谷健太,48,61,7.29,2,0.22,03,7R,晴,南,1,5,2020_11_19,2-1-5,1930,1-2-5,260,2-1,1090,1-2,300,2020_11_19_03_7R
676,2,1,4962,畑竜生,23,47,7.23,1,0.10,03,7R,晴,南,1,5,2020_11_19,2-1-5,1930,1-2-5,260,2-1,1090,1-2,300,2020_11_19_03_7R
677,3,5,4939,宮之原輝紀,35,48,7.27,5,0.13,03,7R,晴,南,1,5,2020_11_19,2-1-5,1930,1-2-5,260,2-1,1090,1-2,300,2020_11_19_03_7R
678,4,4,4956,齊藤大将,66,70,7.32,4,0.09,03,7R,晴,南,1,5,2020_11_19,2-1-5,1930,1-2-5,260,2-1,1090,1-2,300,2020_11_19_03_7R
679,5,3,5058,前原大道,60,69,7.17,3,0.22,03,7R,晴,南,1,5,2020_11_19,2-1-5,1930,1-2-5,260,2-1,1090,1-2,300,2020_11_19_03_7R
680,6,6,4989,石原翼,57,30,7.45,6,0.20,03,7R,晴,南,1,5,2020_11_19,2-1-5,1930,1-2-5,260,2-1,1090,1-2,300,2020_11_19_03_7R
681,1,1,4852,川原祐明,71,43,7.35,1,0.27,03,8R,晴,南,7,5,2020_11_19,1-3-5,1540,1-3-5,590,1-3,750,1-3,610,2020_11_19_03_8R
682,2,3,4911,片岡大地,43,66,7.55,3,0.17,03,8R,晴,南,7,5,2020_11_19,1-3-5,1540,1-3-5,590,1-3,750,1-3,610,2020_11_19_03_8R
683,3,5,4815,伏島祐介,20,50,7.29,5,0.16,03,8R,晴,南,7,5,2020_11_19,1-3-5,1540,1-3-5,590,1-3,750,1-3,610,2020_11_19_03_8R
684,4,2,4888,金児隆太,56,34,7.76,2,0.29,03,8R,晴,南,7,5,2020_11_19,1-3-5,1540,1-3-5,590,1-3,750,1-3,610,2020_11_19_03_8R
685,5,6,5077,滝沢崚,38,46,7.31,6,0.30,03,8R,晴,南,7,5,2020_11_19,1-3-5,1540,1-3-5,590,1-3,750,1-3,610,2020_11_19_03_8R
686,6,4,5100,栗原一馬,53,17,7.39,4,0.14,03,8R,晴,南,7,5,2020_11_19,1-3-5,1540,1-3-5,590,1-3,750,1-3,610,2020_11_19_03_8R
687,1,2,4910,中村泰平,32,59,7.12,2,0.11,03,9R,晴,南,7,5,2020_11_19,2-4-1,4510,1-2-4,390,2-4,1970,2-4,1570,2020_11_19_03_9R
688,2,4,4889,後藤盛也,19,20,6.94,4,0.17,03,9R,晴,南,7,5,2020_11_19,2-4-1,4510,1-2-4,390,2-4,1970,2-4,1570,2020_11_19_03_9R
689,3,1,4886,入海馨,51,62,7.45,1,0.11,03,9R,晴,南,7,5,2020_11_19,2-4-1,4510,1-2-4,390,2-4,1970,2-4,1570,2020_11_19_03_9R
690,4,5,4983,前田篤哉,31,67,7.24,5,0.16,03,9R,晴,南,7,5,2020_11_19,2-4-1,4510,1-2-4,390,2-4,1970,2-4,1570,2020_11_19_03_9R
691,5,6,5023,久永祥平,24,35,7.20,6,0.21,03,9R,晴,南,7,5,2020_11_19,2-4-1,4510,1-2-4,390,2-4,1970,2-4,1570,2020_11_19_03_9R
692,6,3,5066,鈴木孝明,59,65,7.39,3,0.29,03,9R,晴,南,7,5,2020_11_19,2-4-1,4510,1-2-4,390,2-4,1970,2-4,1570,2020_11_19_03_9R
693,1,2,4772,石丸海渡,52,56,7.13,2,0.15,03,10R,晴,南,8,5,2020_11_19,2-1-4,3170,1-2-4,1060,2-1,470,1-2,190,2020_11_19_03_10R
694,2,1,4880,澤崎雄哉,49,32,7.23,1,0.53,03,10R,晴,南,8,5,2020_11_19,2-1-4,3170,1-2-4,1060,2-1,470,1-2,190,2020_11_19_03_10R
695,3,4,4918,川島拓郎,45,36,7.23,4,0.15,03,10R,晴,南,8,5,2020_11_19,2-1-4,3170,1-2-4,1060,2-1,470,1-2,190,2020_11_19_03_10R
696,4,5,4934,佐々木翔斗,25,53,7.39,5,0.14,03,10R,晴,南,8,5,2020_11_19,2-1-4,3170,1-2-4,1060,2-1,470,1-2,190,2020_11_19_03_10R
697,5,3,4824,松井洪弥,67,49,7.20,3,0.12,03,10R,晴,南,8,5,2020_11_19,2-1-4,3170,1-2-4,1060,2-1,470,1-2,190,2020_11_19_03_10R
698,6,6,4945,上村宏太,58,13,7.04,6,0.15,03,10R,晴,南,8,5,2020_11_19,2-1-4,3170,1-2-4,1060,2-1,470,1-2,190,2020_11_19_03_10R
699,1,5,4836,大谷健太,48,61,6.91,5,0.27,03,11R,晴,南,7,0,2020_11_19,5-1-6,10110,1-5-6,2440,5-1,1670,1-5,810,2020_11_19_03_11R
700,2,1,4959,井上忠政,55,39,6.94,1,0.39,03,11R,晴,南,7,0,2020_11_19,5-1-6,10110,1-5-6,2440,5-1,1670,1-5,810,2020_11_19_03_11R
701,3,6,4976,金山立樹,65,58,7.01,6,0.35,03,11R,晴,南,7,0,2020_11_19,5-1-6,10110,1-5-6,2440,5-1,1670,1-5,810,2020_11_19_03_11R
702,4,2,4818,伏見俊介,33,40,7.03,2,0.41,03,11R,晴,南,7,0,2020_11_19,5-1-6,10110,1-5-6,2440,5-1,1670,1-5,810,2020_11_19_03_11R
703,5,3,4857,加藤翔馬,40,63,7.07,3,0.38,03,11R,晴,南,7,0,2020_11_19,5-1-6,10110,1-5-6,2440,5-1,1670,1-5,810,2020_11_19_03_11R
704,6,4,5051,松本純平,47,27,7.02,4,0.33,03,11R,晴,南,7,0,2020_11_19,5-1-6,10110,1-5-6,2440,5-1,1670,1-5,810,2020_11_19_03_11R
705,1,3,4865,立具敬司,12,19,6.95,3,0.18,03,12R,晴,南,8,5,2020_11_19,3-1-2,13440,1-2-3,630,3-1,3890,1-3,780,2020_11_19_03_12R
706,2,1,4933,板橋侑我,50,18,6.91,1,0.12,03,12R,晴,南,8,5,2020_11_19,3-1-2,13440,1-2-3,630,3-1,3890,1-3,780,2020_11_19_03_12R
707,3,2,4939,宮之原輝紀,35,48,6.96,2,0.20,03,12R,晴,南,8,5,2020_11_19,3-1-2,13440,1-2-3,630,3-1,3890,1-3,780,2020_11_19_03_12R
708,4,4,4960,黒野元基,30,26,7.01,4,0.11,03,12R,晴,南,8,5,2020_11_19,3-1-2,13440,1-2-3,630,3-1,3890,1-3,780,2020_11_19_03_12R
709,5,5,4875,大塚康雅,16,57,7.09,5,0.19,03,12R,晴,南,8,5,2020_11_19,3-1-2,13440,1-2-3,630,3-1,3890,1-3,780,2020_11_19_03_12R
710,6,6,5002,上田健太,63,22,6.91,6,0.24,03,12R,晴,南,8,5,2020_11_19,3-1-2,13440,1-2-3,630,3-1,3890,1-3,780,2020_11_19_03_12R
711,1,2,4767,米井里実,47,70,6.74,3,0.17,02,1R,晴,無風,0,0,2020_11_19,2-5-4,2470,2-4-5,400,2-5,1090,2-5,400,2020_11_19_02_1R
712,2,5,3778,安達美帆,25,20,6.70,2,0.28,02,1R,晴,無風,0,0,2020_11_19,2-5-4,2470,2-4-5,400,2-5,1090,2-5,400,2020_11_19_02_1R
713,3,4,5088,高憧四季 ,7,75,6.83,5,0.11,02,1R,晴,無風,0,0,2020_11_19,2-5-4,2470,2-4-5,400,2-5,1090,2-5,400,2020_11_19_02_1R
714,4,1,4990,田中博子,61,57,6.74,1,0.27,02,1R,晴,無風,0,0,2020_11_19,2-5-4,2470,2-4-5,400,2-5,1090,2-5,400,2020_11_19_02_1R
715,5,3,4929,梅内夕貴奈,48,17,6.73,4,0.18,02,1R,晴,無風,0,0,2020_11_19,2-5-4,2470,2-4-5,400,2-5,1090,2-5,400,2020_11_19_02_1R
716,6,6,5113,黒明花夢 ,3,24,6.75,6,0.19,02,1R,晴,無風,0,0,2020_11_19,2-5-4,2470,2-4-5,400,2-5,1090,2-5,400,2020_11_19_02_1R
717,1,4,4456,鎌倉涼,22,73,6.66,4,0.29,02,2R,晴,無風,0,0,2020_11_19,4-1-3,1590,1-3-4,390,4-1,670,1-4,460,2020_11_19_02_2R
718,2,1,4841,高橋悠花,20,59,6.80,1,0.17,02,2R,晴,無風,0,0,2020_11_19,4-1-3,1590,1-3-4,390,4-1,670,1-4,460,2020_11_19_02_2R
719,3,3,4694,高田綾 ,5,22,6.76,3,0.27,02,2R,晴,無風,0,0,2020_11_19,4-1-3,1590,1-3-4,390,4-1,670,1-4,460,2020_11_19_02_2R
720,4,2,4282,中西裕子,30,60,6.71,2,0.13,02,2R,晴,無風,0,0,2020_11_19,4-1-3,1590,1-3-4,390,4-1,670,1-4,460,2020_11_19_02_2R
721,5,6,4338,飯田佳江,21,51,6.73,6,0.39,02,2R,晴,無風,0,0,2020_11_19,4-1-3,1590,1-3-4,390,4-1,670,1-4,460,2020_11_19_02_2R
722,6,5,5094,生田波美音,63,66,6.77,5,0.39,02,2R,晴,無風,0,0,2020_11_19,4-1-3,1590,1-3-4,390,4-1,670,1-4,460,2020_11_19_02_2R
723,1,1,5003,来田衣織,40,34,6.68,1,0.11,02,3R,晴,東,2,1,2020_11_19,1-5-2,1700,1-2-5,420,1-5,620,1-5,410,2020_11_19_02_3R
724,2,5,4961,西橋奈未,58,56,6.58,5,0.13,02,3R,晴,東,2,1,2020_11_19,1-5-2,1700,1-2-5,420,1-5,620,1-5,410,2020_11_19_02_3R
725,3,2,3175,渡辺千草,65,37,6.69,2,0.10,02,3R,晴,東,2,1,2020_11_19,1-5-2,1700,1-2-5,420,1-5,620,1-5,410,2020_11_19_02_3R
726,4,6,4208,三浦永理 ,9,53,6.69,6,0.11,02,3R,晴,東,2,1,2020_11_19,1-5-2,1700,1-2-5,420,1-5,620,1-5,410,2020_11_19_02_3R
727,5,3,4997,濱崎寿里矢,17,43,6.64,3,0.12,02,3R,晴,東,2,1,2020_11_19,1-5-2,1700,1-2-5,420,1-5,620,1-5,410,2020_11_19_02_3R
728,6,4,5045,平川香織,37,69,6.76,4,0.17,02,3R,晴,東,2,1,2020_11_19,1-5-2,1700,1-2-5,420,1-5,620,1-5,410,2020_11_19_02_3R
729,1,4,4764,小池礼乃,42,23,6.72,4,0.21,02,4R,晴,南,3,1,2020_11_19,4-2-5,13350,2-4-5,2820,4-2,2580,2-4,670,2020_11_19_02_4R
730,2,2,4901,出口舞有子,38,63,6.70,2,0.15,02,4R,晴,南,3,1,2020_11_19,4-2-5,13350,2-4-5,2820,4-2,2580,2-4,670,2020_11_19_02_4R
731,3,5,4738,清埜翔子,18,15,6.70,5,0.14,02,4R,晴,南,3,1,2020_11_19,4-2-5,13350,2-4-5,2820,4-2,2580,2-4,670,2020_11_19_02_4R
732,4,6,4372,原田佑実,44,48,6.75,6,0.16,02,4R,晴,南,3,1,2020_11_19,4-2-5,13350,2-4-5,2820,4-2,2580,2-4,670,2020_11_19_02_4R
733,5,1,4791,黒澤めぐみ,36,58,6.70,1,0.17,02,4R,晴,南,3,1,2020_11_19,4-2-5,13350,2-4-5,2820,4-2,2580,2-4,670,2020_11_19_02_4R
734,6,3,4690,高石梨菜,13,30,6.70,3,0.27,02,4R,晴,南,3,1,2020_11_19,4-2-5,13350,2-4-5,2820,4-2,2580,2-4,670,2020_11_19_02_4R
735,1,2,4678,水野望美,28,74,6.76,2,0.28,02,5R,晴,南,2,1,2020_11_19,2-5-4,3200,2-4-5,720,2-5,1220,2-5,750,2020_11_19_02_5R
736,2,5,4843,深尾巴恵,43,35,6.75,5,0.19,02,5R,晴,南,2,1,2020_11_19,2-5-4,3200,2-4-5,720,2-5,1220,2-5,750,2020_11_19_02_5R
737,3,4,4349,犬童千秋,26,44,6.74,4,0.21,02,5R,晴,南,2,1,2020_11_19,2-5-4,3200,2-4-5,720,2-5,1220,2-5,750,2020_11_19_02_5R
738,4,3,3778,安達美帆,25,20,6.77,3,0.45,02,5R,晴,南,2,1,2020_11_19,2-5-4,3200,2-4-5,720,2-5,1220,2-5,750,2020_11_19_02_5R
739,5,6,4464,山下友貴,50,18,6.76,6,0.24,02,5R,晴,南,2,1,2020_11_19,2-5-4,3200,2-4-5,720,2-5,1220,2-5,750,2020_11_19_02_5R
740,6,1,4993,下野京香,24,71,6.77,1,0.41,02,5R,晴,南,2,1,2020_11_19,2-5-4,3200,2-4-5,720,2-5,1220,2-5,750,2020_11_19_02_5R
741,1,2,4289,落合直子,51,16,6.77,2,0.11,02,6R,晴,南,2,1,2020_11_19,2-3-1,5300,1-2-3,1010,2-3,750,2-3,870,2020_11_19_02_6R
742,2,3,3302,谷川里江,39,33,6.82,3,0.10,02,6R,晴,南,2,1,2020_11_19,2-3-1,5300,1-2-3,1010,2-3,750,2-3,870,2020_11_19_02_6R
743,3,1,4694,高田綾 ,5,22,6.81,1,0.09,02,6R,晴,南,2,1,2020_11_19,2-3-1,5300,1-2-3,1010,2-3,750,2-3,870,2020_11_19_02_6R
744,4,5,4519,清水沙樹,57,25,6.68,5,0.12,02,6R,晴,南,2,1,2020_11_19,2-3-1,5300,1-2-3,1010,2-3,750,2-3,870,2020_11_19_02_6R
745,5,4,3579,中里優子,31,72,6.85,4,0.08,02,6R,晴,南,2,1,2020_11_19,2-3-1,5300,1-2-3,1010,2-3,750,2-3,870,2020_11_19_02_6R
746,6,6,4419,原加央理 ,8,41,6.83,6,0.14,02,6R,晴,南,2,1,2020_11_19,2-3-1,5300,1-2-3,1010,2-3,750,2-3,870,2020_11_19_02_6R
747,1,1,4758,富樫麗加,16,67,6.80,1,0.19,02,7R,晴,南,2,1,2020_11_19,1-5-2,2110,1-2-5,540,1-5,1040,1-5,660,2020_11_19_02_7R
748,2,5,5045,平川香織,37,69,6.80,5,0.24,02,7R,晴,南,2,1,2020_11_19,1-5-2,2110,1-2-5,540,1-5,1040,1-5,660,2020_11_19_02_7R
749,3,2,4525,真子奈津実,32,11,6.74,2,0.20,02,7R,晴,南,2,1,2020_11_19,1-5-2,2110,1-2-5,540,1-5,1040,1-5,660,2020_11_19_02_7R
750,4,4,4275,菅野はやか,64,12,6.78,4,0.23,02,7R,晴,南,2,1,2020_11_19,1-5-2,2110,1-2-5,540,1-5,1040,1-5,660,2020_11_19_02_7R
751,5,3,4913,清水さくら,56,76,6.84,3,0.26,02,7R,晴,南,2,1,2020_11_19,1-5-2,2110,1-2-5,540,1-5,1040,1-5,660,2020_11_19_02_7R
752,1,1,4927,関野文 ,1,65,6.82,1,0.17,02,8R,晴,南,2,1,2020_11_19,1-3-6,690,1-3-6,260,1-3,300,1-3,240,2020_11_19_02_8R
753,2,3,4045,佐々木裕美,15,47,6.83,3,0.24,02,8R,晴,南,2,1,2020_11_19,1-3-6,690,1-3-6,260,1-3,300,1-3,240,2020_11_19_02_8R
754,3,6,4590,渡邉優美,60,31,6.79,6,0.18,02,8R,晴,南,2,1,2020_11_19,1-3-6,690,1-3-6,260,1-3,300,1-3,240,2020_11_19_02_8R
755,4,4,4338,飯田佳江,21,51,6.86,4,0.22,02,8R,晴,南,2,1,2020_11_19,1-3-6,690,1-3-6,260,1-3,300,1-3,240,2020_11_19_02_8R
756,5,5,4767,米井里実,47,70,6.74,5,0.18,02,8R,晴,南,2,1,2020_11_19,1-3-6,690,1-3-6,260,1-3,300,1-3,240,2020_11_19_02_8R
757,6,2,4997,濱崎寿里矢,17,43,6.80,2,0.23,02,8R,晴,南,2,1,2020_11_19,1-3-6,690,1-3-6,260,1-3,300,1-3,240,2020_11_19_02_8R
758,1,1,3232,山川美由紀,27,28,6.71,1,0.14,02,9R,晴,南,3,2,2020_11_19,1-2-3,3440,1-2-3,1570,1-2,420,1-2,360,2020_11_19_02_9R
759,2,2,4349,犬童千秋,26,44,6.76,2,0.17,02,9R,晴,南,3,2,2020_11_19,1-2-3,3440,1-2-3,1570,1-2,420,1-2,360,2020_11_19_02_9R
760,3,3,5088,高憧四季 ,7,75,6.81,3,0.14,02,9R,晴,南,3,2,2020_11_19,1-2-3,3440,1-2-3,1570,1-2,420,1-2,360,2020_11_19_02_9R
761,4,4,4117,廣中智紗衣,52,68,6.74,4,0.16,02,9R,晴,南,3,2,2020_11_19,1-2-3,3440,1-2-3,1570,1-2,420,1-2,360,2020_11_19_02_9R
762,5,5,4208,三浦永理 ,9,53,6.78,5,0.16,02,9R,晴,南,3,2,2020_11_19,1-2-3,3440,1-2-3,1570,1-2,420,1-2,360,2020_11_19_02_9R
763,6,6,4690,高石梨菜,13,30,6.78,6,0.22,02,9R,晴,南,3,2,2020_11_19,1-2-3,3440,1-2-3,1570,1-2,420,1-2,360,2020_11_19_02_9R
764,1,4,5003,来田衣織,40,34,6.73,5,0.17,02,10R,晴,南,4,2,2020_11_19,4-5-1,13240,1-4-5,940,4-5,5320,4-5,2890,2020_11_19_02_10R
765,2,5,3579,中里優子,31,72,6.85,4,0.22,02,10R,晴,南,4,2,2020_11_19,4-5-1,13240,1-4-5,940,4-5,5320,4-5,2890,2020_11_19_02_10R
766,3,1,4901,出口舞有子,38,63,6.71,1,0.19,02,10R,晴,南,4,2,2020_11_19,4-5-1,13240,1-4-5,940,4-5,5320,4-5,2890,2020_11_19_02_10R
767,4,2,4998,中村かなえ,12,13,6.82,2,0.21,02,10R,晴,南,4,2,2020_11_19,4-5-1,13240,1-4-5,940,4-5,5320,4-5,2890,2020_11_19_02_10R
768,5,6,4843,深尾巴恵,43,35,6.70,6,0.15,02,10R,晴,南,4,2,2020_11_19,4-5-1,13240,1-4-5,940,4-5,5320,4-5,2890,2020_11_19_02_10R
769,6,3,4900,中田夕貴,62,46,6.75,3,0.31,02,10R,晴,南,4,2,2020_11_19,4-5-1,13240,1-4-5,940,4-5,5320,4-5,2890,2020_11_19_02_10R
770,1,1,3302,谷川里江,39,33,6.72,1,0.14,02,11R,晴,南,3,2,2020_11_19,1-4-5,2280,1-4-5,660,1-4,1080,1-4,680,2020_11_19_02_11R
771,2,4,3175,渡辺千草,65,37,6.80,4,0.20,02,11R,晴,南,3,2,2020_11_19,1-4-5,2280,1-4-5,660,1-4,1080,1-4,680,2020_11_19_02_11R
772,3,5,4456,鎌倉涼,22,73,6.72,5,0.11,02,11R,晴,南,3,2,2020_11_19,1-4-5,2280,1-4-5,660,1-4,1080,1-4,680,2020_11_19_02_11R
773,4,6,4726,島田なぎさ,53,26,6.71,6,0.13,02,11R,晴,南,3,2,2020_11_19,1-4-5,2280,1-4-5,660,1-4,1080,1-4,680,2020_11_19_02_11R
774,5,3,4464,山下友貴,50,18,6.81,3,0.14,02,11R,晴,南,3,2,2020_11_19,1-4-5,2280,1-4-5,660,1-4,1080,1-4,680,2020_11_19_02_11R
775,6,2,4764,小池礼乃,42,23,6.78,2,0.18,02,11R,晴,南,3,2,2020_11_19,1-4-5,2280,1-4-5,660,1-4,1080,1-4,680,2020_11_19_02_11R
776,1,1,4519,清水沙樹,57,25,6.64,1,0.13,02,12R,晴,南,2,1,2020_11_19,1-3-4,1390,1-3-4,780,1-3,440,1-3,370,2020_11_19_02_12R
777,2,3,4372,原田佑実,44,48,6.74,3,0.09,02,12R,晴,南,2,1,2020_11_19,1-3-4,1390,1-3-4,780,1-3,440,1-3,370,2020_11_19_02_12R
778,3,4,4678,水野望美,28,74,6.75,4,0.05,02,12R,晴,南,2,1,2020_11_19,1-3-4,1390,1-3-4,780,1-3,440,1-3,370,2020_11_19_02_12R
779,4,6,4961,西橋奈未,58,56,6.75,6,0.10,02,12R,晴,南,2,1,2020_11_19,1-3-4,1390,1-3-4,780,1-3,440,1-3,370,2020_11_19_02_12R
780,5,5,4758,富樫麗加,16,67,6.85,5,0.12,02,12R,晴,南,2,1,2020_11_19,1-3-4,1390,1-3-4,780,1-3,440,1-3,370,2020_11_19_02_12R
781,6,2,4045,佐々木裕美,15,47,6.81,2,0.16,02,12R,晴,南,2,1,2020_11_19,1-3-4,1390,1-3-4,780,1-3,440,1-3,370,2020_11_19_02_12R
782,1,1,3947,寺本昇平,33,35,6.70,1,0.15,01,1R,晴,東,1,1,2020_11_19,1-6-4,6560,1-4-6,460,1-6,1920,1-6,2730,2020_11_19_01_1R
783,2,6,4809,外崎悟,22,23,6.74,6,0.26,01,1R,晴,東,1,1,2020_11_19,1-6-4,6560,1-4-6,460,1-6,1920,1-6,2730,2020_11_19_01_1R
784,3,4,4401,小林泰,19,14,6.76,4,0.14,01,1R,晴,東,1,1,2020_11_19,1-6-4,6560,1-4-6,460,1-6,1920,1-6,2730,2020_11_19_01_1R
785,4,3,4463,三苫晃幸,67,28,6.79,3,0.16,01,1R,晴,東,1,1,2020_11_19,1-6-4,6560,1-4-6,460,1-6,1920,1-6,2730,2020_11_19_01_1R
786,5,5,4059,入澤友治,43,53,6.88,5,0.27,01,1R,晴,東,1,1,2020_11_19,1-6-4,6560,1-4-6,460,1-6,1920,1-6,2730,2020_11_19_01_1R
787,6,2,4861,田中宏樹,48,57,6.81,2,0.15,01,1R,晴,東,1,1,2020_11_19,1-6-4,6560,1-4-6,460,1-6,1920,1-6,2730,2020_11_19_01_1R
788,1,2,4511,中岡健人,61,29,6.80,3,0.10,01,2R,晴,東,1,1,2020_11_19,2-1-4,28470,1-2-4,2810,2-1,6220,1-2,930,2020_11_19_01_2R
789,2,1,4623,中北将史,37,48,6.79,1,0.05,01,2R,晴,東,1,1,2020_11_19,2-1-4,28470,1-2-4,2810,2-1,6220,1-2,930,2020_11_19_01_2R
790,3,4,4887,富澤祐作,58,41,6.79,5,0.11,01,2R,晴,東,1,1,2020_11_19,2-1-4,28470,1-2-4,2810,2-1,6220,1-2,930,2020_11_19_01_2R
791,4,5,4199,北川潤二,54,26,6.70,6,0.18,01,2R,晴,東,1,1,2020_11_19,2-1-4,28470,1-2-4,2810,2-1,6220,1-2,930,2020_11_19_01_2R
792,5,3,3771,折下寛法,65,55,6.77,4,0.09,01,2R,晴,東,1,1,2020_11_19,2-1-4,28470,1-2-4,2810,2-1,6220,1-2,930,2020_11_19_01_2R
793,6,6,2876,鈴木幸夫,49,32,6.93,2,0.10,01,2R,晴,東,1,1,2020_11_19,2-1-4,28470,1-2-4,2810,2-1,6220,1-2,930,2020_11_19_01_2R
794,1,4,3664,鈴木賢一,51,11,6.74,4,0.11,01,3R,晴,北東,1,1,2020_11_19,4-2-6,17960,2-4-6,3380,4-2,4670,2-4,2690,2020_11_19_01_3R
795,2,2,4728,山口亮,60,34,6.74,2,0.12,01,3R,晴,北東,1,1,2020_11_19,4-2-6,17960,2-4-6,3380,4-2,4670,2-4,2690,2020_11_19_01_3R
796,3,6,4537,渡邉和将,12,56,6.83,6,0.22,01,3R,晴,北東,1,1,2020_11_19,4-2-6,17960,2-4-6,3380,4-2,4670,2-4,2690,2020_11_19_01_3R
797,4,5,4547,中田竜太,24,18,6.84,5,0.15,01,3R,晴,北東,1,1,2020_11_19,4-2-6,17960,2-4-6,3380,4-2,4670,2-4,2690,2020_11_19_01_3R
798,5,3,3895,堀本裕也,31,49,6.76,3,0.14,01,3R,晴,北東,1,1,2020_11_19,4-2-6,17960,2-4-6,3380,4-2,4670,2-4,2690,2020_11_19_01_3R
799,6,1,4903,吉田凌太朗,50,22,6.72,1,0.20,01,3R,晴,北東,1,1,2020_11_19,4-2-6,17960,2-4-6,3380,4-2,4670,2-4,2690,2020_11_19_01_3R
800,1,1,4263,武重雄介,66,46,6.87,1,0.08,01,4R,晴,北東,1,1,2020_11_19,1-2-6,1340,1-2-6,480,1-2,350,1-2,270,2020_11_19_01_4R
801,2,2,4759,今泉友吾,20,31,6.71,2,0.21,01,4R,晴,北東,1,1,2020_11_19,1-2-6,1340,1-2-6,480,1-2,350,1-2,270,2020_11_19_01_4R
802,3,6,4030,森高一真,68,20,6.82,5,0.15,01,4R,晴,北東,1,1,2020_11_19,1-2-6,1340,1-2-6,480,1-2,350,1-2,270,2020_11_19_01_4R
803,4,3,4201,佐竹友樹,46,16,6.78,3,0.21,01,4R,晴,北東,1,1,2020_11_19,1-2-6,1340,1-2-6,480,1-2,350,1-2,270,2020_11_19_01_4R
804,5,4,3850,小川知行,36,47,6.75,4,0.18,01,4R,晴,北東,1,1,2020_11_19,1-2-6,1340,1-2-6,480,1-2,350,1-2,270,2020_11_19_01_4R
805,6,5,4423,坂口貴彦,75,25,6.73,6,0.26,01,4R,晴,北東,1,1,2020_11_19,1-2-6,1340,1-2-6,480,1-2,350,1-2,270,2020_11_19_01_4R
806,1,1,4139,丹下健,11,15,6.79,1,0.18,01,5R,晴,北東,1,1,2020_11_19,1-6-3,6560,1-3-6,950,1-6,1640,1-6,1250,2020_11_19_01_5R
807,2,6,3385,渡邉睦広,30,27,6.85,6,0.20,01,5R,晴,北東,1,1,2020_11_19,1-6-3,6560,1-3-6,950,1-6,1640,1-6,1250,2020_11_19_01_5R
808,3,3,4140,梶野学志,16,40,6.81,3,0.26,01,5R,晴,北東,1,1,2020_11_19,1-6-3,6560,1-3-6,950,1-6,1640,1-6,1250,2020_11_19_01_5R
809,4,2,4494,河合佑樹,63,30,6.79,2,0.20,01,5R,晴,北東,1,1,2020_11_19,1-6-3,6560,1-3-6,950,1-6,1640,1-6,1250,2020_11_19_01_5R
810,5,4,4202,浮田圭浩,62,42,6.81,4,0.36,01,5R,晴,北東,1,1,2020_11_19,1-6-3,6560,1-3-6,950,1-6,1640,1-6,1250,2020_11_19_01_5R
811,6,5,4861,田中宏樹,48,57,6.80,5,0.24,01,5R,晴,北東,1,1,2020_11_19,1-6-3,6560,1-3-6,950,1-6,1640,1-6,1250,2020_11_19_01_5R
812,1,3,3776,横井健太,29,38,6.79,4,0.19,01,6R,晴,無風,0,0,2020_11_19,3-4-1,30330,1-3-4,730,3-4,13800,3-4,5300,2020_11_19_01_6R
813,2,4,4058,野末智一,14,21,6.84,5,0.17,01,6R,晴,無風,0,0,2020_11_19,3-4-1,30330,1-3-4,730,3-4,13800,3-4,5300,2020_11_19_01_6R
814,3,1,3641,一瀬明,28,45,6.76,1,0.16,01,6R,晴,無風,0,0,2020_11_19,3-4-1,30330,1-3-4,730,3-4,13800,3-4,5300,2020_11_19_01_6R
815,4,6,4181,花本夏樹,23,43,6.82,2,0.20,01,6R,晴,無風,0,0,2020_11_19,3-4-1,30330,1-3-4,730,3-4,13800,3-4,5300,2020_11_19_01_6R
816,5,5,3947,寺本昇平,33,35,6.83,6,0.21,01,6R,晴,無風,0,0,2020_11_19,3-4-1,30330,1-3-4,730,3-4,13800,3-4,5300,2020_11_19_01_6R
817,6,2,4887,富澤祐作,58,41,6.77,3,0.28,01,6R,晴,無風,0,0,2020_11_19,3-4-1,30330,1-3-4,730,3-4,13800,3-4,5300,2020_11_19_01_6R
818,1,5,3256,三角哲男,40,12,6.70,4,0.12,01,7R,晴,無風,0,0,2020_11_19,5-1-6,3050,1-5-6,660,5-1,880,1-5,270,2020_11_19_01_7R
819,2,1,3497,後藤浩,53,54,6.69,1,0.14,01,7R,晴,無風,0,0,2020_11_19,5-1-6,3050,1-5-6,660,5-1,880,1-5,270,2020_11_19_01_7R
820,3,6,4401,小林泰,19,14,6.76,5,0.21,01,7R,晴,無風,0,0,2020_11_19,5-1-6,3050,1-5-6,660,5-1,880,1-5,270,2020_11_19_01_7R
821,4,2,4209,藤田竜弘,34,39,6.73,2,0.13,01,7R,晴,無風,0,0,2020_11_19,5-1-6,3050,1-5-6,660,5-1,880,1-5,270,2020_11_19_01_7R
822,5,4,4903,吉田凌太朗,50,22,6.76,6,0.43,01,7R,晴,無風,0,0,2020_11_19,5-1-6,3050,1-5-6,660,5-1,880,1-5,270,2020_11_19_01_7R
823,6,3,4623,中北将史,37,48,6.82,3,0.13,01,7R,晴,無風,0,0,2020_11_19,5-1-6,3050,1-5-6,660,5-1,880,1-5,270,2020_11_19_01_7R
824,1,5,4362,土屋智則,52,13,6.79,2,0.16,01,8R,晴,北西,1,1,2020_11_19,5-1-4,3040,1-4-5,810,5-1,490,1-5,250,2020_11_19_01_8R
825,2,1,3546,中里昌志,56,36,6.72,1,0.15,01,8R,晴,北西,1,1,2020_11_19,5-1-4,3040,1-4-5,810,5-1,490,1-5,250,2020_11_19_01_8R
826,3,4,3890,小宮淳史,44,33,6.94,5,0.29,01,8R,晴,北西,1,1,2020_11_19,5-1-4,3040,1-4-5,810,5-1,490,1-5,250,2020_11_19_01_8R
827,4,3,4728,山口亮,60,34,6.75,4,0.23,01,8R,晴,北西,1,1,2020_11_19,5-1-4,3040,1-4-5,810,5-1,490,1-5,250,2020_11_19_01_8R
828,5,2,4809,外崎悟,22,23,6.68,3,0.18,01,8R,晴,北西,1,1,2020_11_19,5-1-4,3040,1-4-5,810,5-1,490,1-5,250,2020_11_19_01_8R
829,6,6,3863,海老澤泰行,74,19,6.78,6,0.30,01,8R,晴,北西,1,1,2020_11_19,5-1-4,3040,1-4-5,810,5-1,490,1-5,250,2020_11_19_01_8R
830,1,2,4537,渡邉和将,12,56,6.79,3,0.10,01,9R,晴,無風,0,0,2020_11_19,2-1-6,2180,1-2-6,710,2-1,440,1-2,160,2020_11_19_01_9R
831,2,1,3268,森竜也,42,50,6.75,1,0.16,01,9R,晴,無風,0,0,2020_11_19,2-1-6,2180,1-2-6,710,2-1,440,1-2,160,2020_11_19_01_9R
832,3,6,4201,佐竹友樹,46,16,6.82,6,0.27,01,9R,晴,無風,0,0,2020_11_19,2-1-6,2180,1-2-6,710,2-1,440,1-2,160,2020_11_19_01_9R
833,4,4,4139,丹下健,11,15,6.81,4,0.12,01,9R,晴,無風,0,0,2020_11_19,2-1-6,2180,1-2-6,710,2-1,440,1-2,160,2020_11_19_01_9R
834,5,5,4463,三苫晃幸,67,28,6.80,5,0.13,01,9R,晴,無風,0,0,2020_11_19,2-1-6,2180,1-2-6,710,2-1,440,1-2,160,2020_11_19_01_9R
835,6,3,2876,鈴木幸夫,49,32,6.91,2,0.13,01,9R,晴,無風,0,0,2020_11_19,2-1-6,2180,1-2-6,710,2-1,440,1-2,160,2020_11_19_01_9R
836,1,3,3622,山崎智也,41,24,6.81,3,0.29,01,10R,晴,無風,0,0,2020_11_19,3-2-6,7640,2-3-6,2020,3-2,2090,2-3,1250,2020_11_19_01_10R
837,2,2,4199,北川潤二,54,26,6.70,2,0.23,01,10R,晴,無風,0,0,2020_11_19,3-2-6,7640,2-3-6,2020,3-2,2090,2-3,1250,2020_11_19_01_10R
838,3,6,3664,鈴木賢一,51,11,6.78,6,0.25,01,10R,晴,無風,0,0,2020_11_19,3-2-6,7640,2-3-6,2020,3-2,2090,2-3,1250,2020_11_19_01_10R
839,4,4,4263,武重雄介,66,46,6.81,4,0.33,01,10R,晴,無風,0,0,2020_11_19,3-2-6,7640,2-3-6,2020,3-2,2090,2-3,1250,2020_11_19_01_10R
840,5,5,4202,浮田圭浩,62,42,6.79,5,0.31,01,10R,晴,無風,0,0,2020_11_19,3-2-6,7640,2-3-6,2020,3-2,2090,2-3,1250,2020_11_19_01_10R
841,6,1,3621,天野晶夫,59,52,6.76,1,0.18,01,10R,晴,無風,0,0,2020_11_19,3-2-6,7640,2-3-6,2020,3-2,2090,2-3,1250,2020_11_19_01_10R
842,1,1,3319,山崎義明,73,17,6.75,1,0.08,01,11R,晴,無風,0,0,2020_11_19,1-2-3,610,1-2-3,210,1-2,260,1-2,240,2020_11_19_01_11R
843,2,2,3385,渡邉睦広,30,27,6.82,2,0.08,01,11R,晴,無風,0,0,2020_11_19,1-2-3,610,1-2-3,210,1-2,260,1-2,240,2020_11_19_01_11R
844,3,3,4030,森高一真,68,20,6.81,3,0.06,01,11R,晴,無風,0,0,2020_11_19,1-2-3,610,1-2-3,210,1-2,260,1-2,240,2020_11_19_01_11R
845,4,4,3581,加木郁,21,44,6.77,4,0.05,01,11R,晴,無風,0,0,2020_11_19,1-2-3,610,1-2-3,210,1-2,260,1-2,240,2020_11_19_01_11R
846,5,5,3771,折下寛法,65,55,6.83,5,0.13,01,11R,晴,無風,0,0,2020_11_19,1-2-3,610,1-2-3,210,1-2,260,1-2,240,2020_11_19_01_11R
847,6,6,4209,藤田竜弘,34,39,6.83,6,0.12,01,11R,晴,無風,0,0,2020_11_19,1-2-3,610,1-2-3,210,1-2,260,1-2,240,2020_11_19_01_11R
848,1,1,4362,土屋智則,52,13,6.74,1,0.19,01,12R,晴,無風,0,0,2020_11_19,1-3-6,2320,1-3-6,1430,1-3,370,1-3,310,2020_11_19_01_12R
849,2,3,3641,一瀬明,28,45,6.82,3,0.26,01,12R,晴,無風,0,0,2020_11_19,1-3-6,2320,1-3-6,1430,1-3,370,1-3,310,2020_11_19_01_12R
850,3,6,4494,河合佑樹,63,30,6.74,6,0.20,01,12R,晴,無風,0,0,2020_11_19,1-3-6,2320,1-3-6,1430,1-3,370,1-3,310,2020_11_19_01_12R
851,4,2,4547,中田竜太,24,18,6.76,2,0.26,01,12R,晴,無風,0,0,2020_11_19,1-3-6,2320,1-3-6,1430,1-3,370,1-3,310,2020_11_19_01_12R
852,5,5,3497,後藤浩,53,54,6.77,5,0.19,01,12R,晴,無風,0,0,2020_11_19,1-3-6,2320,1-3-6,1430,1-3,370,1-3,310,2020_11_19_01_12R
853,6,4,4759,今泉友吾,20,31,6.77,4,0.22,01,12R,晴,無風,0,0,2020_11_19,1-3-6,2320,1-3-6,1430,1-3,370,1-3,310,2020_11_19_01_12R
