,着,艇番,選手登番,選手名,モーター,ボート,展示,進入,スタートタイミング,場所,R,天気,風向,風量,波,日時,3連単_結果,3連単_払戻,3連複_結果,3連複_払戻,2連単_結果,2連単_払戻,2連複_結果,2連複_払戻,RaceID
0,1,5,3568,木村光宏,62,51,6.95,5,0.14,24,1R,晴,西,1,1,2021_5_23,5-6-2,84280,2-5-6,8590,5-6,13140,5-6,5210,2021_5_23_24_1R
1,2,6,4099,吉永則雄,12,28,6.93,6,0.24,24,1R,晴,西,1,1,2021_5_23,5-6-2,84280,2-5-6,8590,5-6,13140,5-6,5210,2021_5_23_24_1R
2,3,2,4120,柘植政浩,27,72,6.95,2,0.21,24,1R,晴,西,1,1,2021_5_23,5-6-2,84280,2-5-6,8590,5-6,13140,5-6,5210,2021_5_23_24_1R
3,4,4,3935,岩津徹郎,53,69,6.97,4,0.19,24,1R,晴,西,1,1,2021_5_23,5-6-2,84280,2-5-6,8590,5-6,13140,5-6,5210,2021_5_23_24_1R
4,5,1,3527,中嶋誠一郎,25,63,6.91,1,0.25,24,1R,晴,西,1,1,2021_5_23,5-6-2,84280,2-5-6,8590,5-6,13140,5-6,5210,2021_5_23_24_1R
5,6,3,4151,下河誉史,47,38,6.96,3,0.21,24,1R,晴,西,1,1,2021_5_23,5-6-2,84280,2-5-6,8590,5-6,13140,5-6,5210,2021_5_23_24_1R
6,1,1,3629,浅見昌克,58,70,6.87,1,0.12,24,2R,晴,西,2,1,2021_5_23,1-3-2,670,1-2-3,210,1-3,230,1-3,240,2021_5_23_24_2R
7,2,3,3719,辻栄蔵,13,16,7.00,3,0.21,24,2R,晴,西,2,1,2021_5_23,1-3-2,670,1-2-3,210,1-3,230,1-3,240,2021_5_23_24_2R
8,3,2,4852,川原祐明,70,44,7.00,2,0.19,24,2R,晴,西,2,1,2021_5_23,1-3-2,670,1-2-3,210,1-3,230,1-3,240,2021_5_23_24_2R
9,4,4,3990,芹澤克彦,48,48,6.96,4,0.31,24,2R,晴,西,2,1,2021_5_23,1-3-2,670,1-2-3,210,1-3,230,1-3,240,2021_5_23_24_2R
10,5,6,4113,木村浩士,33,15,7.04,6,0.25,24,2R,晴,西,2,1,2021_5_23,1-3-2,670,1-2-3,210,1-3,230,1-3,240,2021_5_23_24_2R
11,6,5,4027,松江秀徳,66,74,6.93,5,0.33,24,2R,晴,西,2,1,2021_5_23,1-3-2,670,1-2-3,210,1-3,230,1-3,240,2021_5_23_24_2R
12,1,1,4553,坪口竜也,59,13,6.90,1,0.14,24,3R,晴,西,2,1,2021_5_23,1-3-2,950,1-2-3,340,1-3,540,1-3,330,2021_5_23_24_3R
13,2,3,4154,森安弘雅,75,71,6.93,3,0.15,24,3R,晴,西,2,1,2021_5_23,1-3-2,950,1-2-3,340,1-3,540,1-3,330,2021_5_23_24_3R
14,3,2,3543,福田雅一,30,23,6.95,2,0.15,24,3R,晴,西,2,1,2021_5_23,1-3-2,950,1-2-3,340,1-3,540,1-3,330,2021_5_23_24_3R
15,4,6,3912,川原正明,46,14,6.88,6,0.10,24,3R,晴,西,2,1,2021_5_23,1-3-2,950,1-2-3,340,1-3,540,1-3,330,2021_5_23_24_3R
16,5,5,4375,照屋厚仁,55,19,6.95,5,0.13,24,3R,晴,西,2,1,2021_5_23,1-3-2,950,1-2-3,340,1-3,540,1-3,330,2021_5_23_24_3R
17,6,4,4370,山口達也,61,11,7.04,4,0.12,24,3R,晴,西,2,1,2021_5_23,1-3-2,950,1-2-3,340,1-3,540,1-3,330,2021_5_23_24_3R
18,1,1,3944,山口裕二,23,35,6.89,1,0.14,24,4R,晴,西,2,1,2021_5_23,1-2-4,1180,1-2-4,460,1-2,450,1-2,380,2021_5_23_24_4R
19,2,2,3726,桂林寛,14,29,7.00,2,0.15,24,4R,晴,西,2,1,2021_5_23,1-2-4,1180,1-2-4,460,1-2,450,1-2,380,2021_5_23_24_4R
20,3,4,4140,梶野学志,11,37,6.99,4,0.15,24,4R,晴,西,2,1,2021_5_23,1-2-4,1180,1-2-4,460,1-2,450,1-2,380,2021_5_23_24_4R
21,4,6,4822,百武翔,71,40,6.99,6,0.14,24,4R,晴,西,2,1,2021_5_23,1-2-4,1180,1-2-4,460,1-2,450,1-2,380,2021_5_23_24_4R
22,5,3,4033,伊藤将吉,72,45,6.97,3,0.12,24,4R,晴,西,2,1,2021_5_23,1-2-4,1180,1-2-4,460,1-2,450,1-2,380,2021_5_23_24_4R
23,6,5,3746,岡瀬正人,54,24,7.02,5,0.18,24,4R,晴,西,2,1,2021_5_23,1-2-4,1180,1-2-4,460,1-2,450,1-2,380,2021_5_23_24_4R
24,1,1,4040,廣瀬将亨,35,60,6.89,1,0.22,24,5R,晴,西,2,1,2021_5_23,1-4-2,890,1-2-4,310,1-4,340,1-4,290,2021_5_23_24_5R
25,2,4,3788,一宮稔弘,39,66,6.93,4,0.18,24,5R,晴,西,2,1,2021_5_23,1-4-2,890,1-2-4,310,1-4,340,1-4,290,2021_5_23_24_5R
26,3,2,4099,吉永則雄,12,28,6.91,2,0.22,24,5R,晴,西,2,1,2021_5_23,1-4-2,890,1-2-4,310,1-4,340,1-4,290,2021_5_23_24_5R
27,4,6,4926,吉川貴仁,73,68,6.92,6,0.26,24,5R,晴,西,2,1,2021_5_23,1-4-2,890,1-2-4,310,1-4,340,1-4,290,2021_5_23_24_5R
28,5,5,4151,下河誉史,47,38,6.95,5,0.22,24,5R,晴,西,2,1,2021_5_23,1-4-2,890,1-2-4,310,1-4,340,1-4,290,2021_5_23_24_5R
29,6,3,3568,木村光宏,62,51,6.94,3,0.21,24,5R,晴,西,2,1,2021_5_23,1-4-2,890,1-2-4,310,1-4,340,1-4,290,2021_5_23_24_5R
30,1,1,4205,山口剛,43,27,6.91,1,0.17,24,6R,晴,北西,1,1,2021_5_23,1-2-3,490,1-2-3,310,1-2,210,1-2,150,2021_5_23_24_6R
31,2,2,3912,川原正明,46,14,6.90,2,0.16,24,6R,晴,北西,1,1,2021_5_23,1-2-3,490,1-2-3,310,1-2,210,1-2,150,2021_5_23_24_6R
32,3,3,4027,松江秀徳,66,74,6.93,3,0.25,24,6R,晴,北西,1,1,2021_5_23,1-2-3,490,1-2-3,310,1-2,210,1-2,150,2021_5_23_24_6R
33,4,5,3935,岩津徹郎,53,69,6.94,5,0.23,24,6R,晴,北西,1,1,2021_5_23,1-2-3,490,1-2-3,310,1-2,210,1-2,150,2021_5_23_24_6R
34,5,6,4120,柘植政浩,27,72,6.97,6,0.25,24,6R,晴,北西,1,1,2021_5_23,1-2-3,490,1-2-3,310,1-2,210,1-2,150,2021_5_23_24_6R
35,6,4,4113,木村浩士,33,15,7.03,4,0.28,24,6R,晴,北西,1,1,2021_5_23,1-2-3,490,1-2-3,310,1-2,210,1-2,150,2021_5_23_24_6R
36,1,1,4140,梶野学志,11,37,6.89,1,0.11,24,7R,晴,北西,1,1,2021_5_23,1-2-4,570,1-2-4,200,1-2,280,1-2,230,2021_5_23_24_7R
37,2,2,4375,照屋厚仁,55,19,6.89,2,0.11,24,7R,晴,北西,1,1,2021_5_23,1-2-4,570,1-2-4,200,1-2,280,1-2,230,2021_5_23_24_7R
38,3,4,4013,中島孝平,52,50,6.94,4,0.11,24,7R,晴,北西,1,1,2021_5_23,1-2-4,570,1-2-4,200,1-2,280,1-2,230,2021_5_23_24_7R
39,4,6,4852,川原祐明,70,44,6.89,6,0.11,24,7R,晴,北西,1,1,2021_5_23,1-2-4,570,1-2-4,200,1-2,280,1-2,230,2021_5_23_24_7R
40,5,5,3990,芹澤克彦,48,48,6.91,5,0.13,24,7R,晴,北西,1,1,2021_5_23,1-2-4,570,1-2-4,200,1-2,280,1-2,230,2021_5_23_24_7R
41,6,3,3527,中嶋誠一郎,25,63,6.90,3,0.13,24,7R,晴,北西,1,1,2021_5_23,1-2-4,570,1-2-4,200,1-2,280,1-2,230,2021_5_23_24_7R
42,1,1,3719,辻栄蔵,13,16,6.86,1,0.22,24,8R,晴,北西,1,1,2021_5_23,1-2-4,1280,1-2-4,620,1-2,410,1-2,540,2021_5_23_24_8R
43,2,2,4822,百武翔,71,40,6.83,2,0.26,24,8R,晴,北西,1,1,2021_5_23,1-2-4,1280,1-2-4,620,1-2,410,1-2,540,2021_5_23_24_8R
44,3,4,3629,浅見昌克,58,70,6.81,4,0.27,24,8R,晴,北西,1,1,2021_5_23,1-2-4,1280,1-2-4,620,1-2,410,1-2,540,2021_5_23_24_8R
45,4,5,3543,福田雅一,30,23,6.84,5,0.25,24,8R,晴,北西,1,1,2021_5_23,1-2-4,1280,1-2-4,620,1-2,410,1-2,540,2021_5_23_24_8R
46,5,6,3726,桂林寛,14,29,6.90,6,0.15,24,8R,晴,北西,1,1,2021_5_23,1-2-4,1280,1-2-4,620,1-2,410,1-2,540,2021_5_23_24_8R
47,6,3,4553,坪口竜也,59,13,6.86,3,0.23,24,8R,晴,北西,1,1,2021_5_23,1-2-4,1280,1-2-4,620,1-2,410,1-2,540,2021_5_23_24_8R
48,1,1,3780,魚谷智之,49,62,6.83,1,0.11,24,9R,晴,北西,1,1,2021_5_23,1-2-6,5840,1-2-6,2930,1-2,240,1-2,210,2021_5_23_24_9R
49,2,2,4816,村松修二,65,21,6.90,2,0.11,24,9R,晴,北西,1,1,2021_5_23,1-2-6,5840,1-2-6,2930,1-2,240,1-2,210,2021_5_23_24_9R
50,3,6,3957,大谷直弘,44,56,6.85,6,0.21,24,9R,晴,北西,1,1,2021_5_23,1-2-6,5840,1-2-6,2930,1-2,240,1-2,210,2021_5_23_24_9R
51,4,3,3918,深井利寿,69,47,6.89,3,0.11,24,9R,晴,北西,1,1,2021_5_23,1-2-6,5840,1-2-6,2930,1-2,240,1-2,210,2021_5_23_24_9R
52,5,5,4042,丸岡正典,15,54,6.85,5,0.17,24,9R,晴,北西,1,1,2021_5_23,1-2-6,5840,1-2-6,2930,1-2,240,1-2,210,2021_5_23_24_9R
53,6,4,4437,中田元泰,26,33,6.80,4,0.12,24,9R,晴,北西,1,1,2021_5_23,1-2-6,5840,1-2-6,2930,1-2,240,1-2,210,2021_5_23_24_9R
54,1,1,3946,赤岩善生,57,39,6.86,1,0.07,24,10R,晴,北西,1,1,2021_5_23,1-6-2,7380,1-2-6,1680,1-6,2160,1-6,1560,2021_5_23_24_10R
55,2,6,4715,村上遼,22,25,6.87,6,0.04,24,10R,晴,北西,1,1,2021_5_23,1-6-2,7380,1-2-6,1680,1-6,2160,1-6,1560,2021_5_23_24_10R
56,3,2,4074,柳沢一,21,76,6.91,2,0.09,24,10R,晴,北西,1,1,2021_5_23,1-6-2,7380,1-2-6,1680,1-6,2160,1-6,1560,2021_5_23_24_10R
57,4,4,4856,豊田健士郎,50,58,6.89,4,0.10,24,10R,晴,北西,1,1,2021_5_23,1-6-2,7380,1-2-6,1680,1-6,2160,1-6,1560,2021_5_23_24_10R
58,5,5,4547,中田竜太,29,34,6.94,5,0.11,24,10R,晴,北西,1,1,2021_5_23,1-6-2,7380,1-2-6,1680,1-6,2160,1-6,1560,2021_5_23_24_10R
59,6,3,4497,桑原悠,37,67,6.87,3,0.08,24,10R,晴,北西,1,1,2021_5_23,1-6-2,7380,1-2-6,1680,1-6,2160,1-6,1560,2021_5_23_24_10R
60,1,1,4787,椎名豊,36,49,6.80,1,0.05,24,11R,晴,北西,1,1,2021_5_23,1-2-4,940,1-2-4,480,1-2,270,1-2,230,2021_5_23_24_11R
61,2,2,4528,黒井達矢,45,26,6.91,2,0.09,24,11R,晴,北西,1,1,2021_5_23,1-2-4,940,1-2-4,480,1-2,270,1-2,230,2021_5_23_24_11R
62,3,4,4063,市橋卓士,67,73,6.89,4,0.04,24,11R,晴,北西,1,1,2021_5_23,1-2-4,940,1-2-4,480,1-2,270,1-2,230,2021_5_23_24_11R
63,4,3,3822,平尾崇典,20,41,6.84,3,0.08,24,11R,晴,北西,1,1,2021_5_23,1-2-4,940,1-2-4,480,1-2,270,1-2,230,2021_5_23_24_11R
64,5,6,4933,板橋侑我,60,53,6.79,6,0.05,24,11R,晴,北西,1,1,2021_5_23,1-2-4,940,1-2-4,480,1-2,270,1-2,230,2021_5_23_24_11R
65,6,5,4769,馬場剛,64,46,6.85,5,0.06,24,11R,晴,北西,1,1,2021_5_23,1-2-4,940,1-2-4,480,1-2,270,1-2,230,2021_5_23_24_11R
66,1,1,4013,中島孝平,52,50,6.94,1,0.03,24,12R,晴,南,1,1,2021_5_23,1-6-3,4950,1-3-6,900,1-6,2000,1-6,1660,2021_5_23_24_12R
67,2,6,4370,山口達也,61,11,6.90,6,0.01,24,12R,晴,南,1,1,2021_5_23,1-6-3,4950,1-3-6,900,1-6,2000,1-6,1660,2021_5_23_24_12R
68,3,3,3944,山口裕二,23,35,6.92,3,0.02,24,12R,晴,南,1,1,2021_5_23,1-6-3,4950,1-3-6,900,1-6,2000,1-6,1660,2021_5_23_24_12R
69,4,2,3746,岡瀬正人,54,24,6.98,2,0.10,24,12R,晴,南,1,1,2021_5_23,1-6-3,4950,1-3-6,900,1-6,2000,1-6,1660,2021_5_23_24_12R
70,5,4,4205,山口剛,43,27,6.91,4,0.06,24,12R,晴,南,1,1,2021_5_23,1-6-3,4950,1-3-6,900,1-6,2000,1-6,1660,2021_5_23_24_12R
71,1,1,4773,中川りな,28,57,6.94,1,0.19,18,1R,晴,南,1,1,2021_5_23,1-3-2,2320,1-2-3,920,1-3,450,1-3,360,2021_5_23_18_1R
72,2,3,3357,福島陽子,18,74,6.99,3,0.24,18,1R,晴,南,1,1,2021_5_23,1-3-2,2320,1-2-3,920,1-3,450,1-3,360,2021_5_23_18_1R
73,3,2,4283,石井裕美,24,38,7.01,2,0.27,18,1R,晴,南,1,1,2021_5_23,1-3-2,2320,1-2-3,920,1-3,450,1-3,360,2021_5_23_18_1R
74,4,4,4720,西澤日花里,37,11,6.97,4,0.20,18,1R,晴,南,1,1,2021_5_23,1-3-2,2320,1-2-3,920,1-3,450,1-3,360,2021_5_23_18_1R
75,5,5,3207,田村美和,64,31,7.01,5,0.19,18,1R,晴,南,1,1,2021_5_23,1-3-2,2320,1-2-3,920,1-3,450,1-3,360,2021_5_23_18_1R
76,6,6,4963,實森美祐,35,28,6.97,6,0.13,18,1R,晴,南,1,1,2021_5_23,1-3-2,2320,1-2-3,920,1-3,450,1-3,360,2021_5_23_18_1R
77,1,1,4208,三浦永理,12,54,7.00,1,0.10,18,2R,晴,南,2,2,2021_5_23,1-4-3,630,1-3-4,300,1-4,290,1-4,280,2021_5_23_18_2R
78,2,4,4694,高田綾,26,62,7.03,4,0.12,18,2R,晴,南,2,2,2021_5_23,1-4-3,630,1-3-4,300,1-4,290,1-4,280,2021_5_23_18_2R
79,3,3,3580,水口由紀,32,68,7.01,3,0.09,18,2R,晴,南,2,2,2021_5_23,1-4-3,630,1-3-4,300,1-4,290,1-4,280,2021_5_23_18_2R
80,4,5,4765,野田部宏子,61,22,7.01,5,0.12,18,2R,晴,南,2,2,2021_5_23,1-4-3,630,1-3-4,300,1-4,290,1-4,280,2021_5_23_18_2R
81,5,2,3509,道上千夏,63,56,7.05,2,0.12,18,2R,晴,南,2,2,2021_5_23,1-4-3,630,1-3-4,300,1-4,290,1-4,280,2021_5_23_18_2R
82,6,6,4479,矢野真梨菜,33,71,7.03,6,0.16,18,2R,晴,南,2,2,2021_5_23,1-4-3,630,1-3-4,300,1-4,290,1-4,280,2021_5_23_18_2R
83,1,1,4611,今井美亜,69,61,6.99,1,0.12,18,3R,晴,南,3,3,2021_5_23,1-5-6,5140,1-5-6,2630,1-5,960,1-5,990,2021_5_23_18_3R
84,2,5,4764,小池礼乃,29,30,6.97,5,0.14,18,3R,晴,南,3,3,2021_5_23,1-5-6,5140,1-5-6,2630,1-5,960,1-5,990,2021_5_23_18_3R
85,3,6,4819,蜂須瑞生,11,41,6.99,6,0.24,18,3R,晴,南,3,3,2021_5_23,1-5-6,5140,1-5-6,2630,1-5,960,1-5,990,2021_5_23_18_3R
86,4,4,3551,藤田美代,43,65,6.96,4,0.21,18,3R,晴,南,3,3,2021_5_23,1-5-6,5140,1-5-6,2630,1-5,960,1-5,990,2021_5_23_18_3R
87,5,2,3182,久保田美紀,13,27,7.02,2,0.19,18,3R,晴,南,3,3,2021_5_23,1-5-6,5140,1-5-6,2630,1-5,960,1-5,990,2021_5_23_18_3R
88,6,3,4484,稲生夏季,39,70,7.04,3,0.19,18,3R,晴,南,3,3,2021_5_23,1-5-6,5140,1-5-6,2630,1-5,960,1-5,990,2021_5_23_18_3R
89,1,1,4589,塩崎桐加,19,49,6.91,1,0.13,18,4R,晴,南西,3,3,2021_5_23,1-2-3,580,1-2-3,370,1-2,190,1-2,150,2021_5_23_18_4R
90,2,2,4183,宇野弥生,40,20,7.00,2,0.13,18,4R,晴,南西,3,3,2021_5_23,1-2-3,580,1-2-3,370,1-2,190,1-2,150,2021_5_23_18_4R
91,3,3,3470,新田芳美,36,59,7.07,3,0.17,18,4R,晴,南西,3,3,2021_5_23,1-2-3,580,1-2-3,370,1-2,190,1-2,150,2021_5_23_18_4R
92,4,5,3704,本部めぐみ,41,66,6.97,5,0.14,18,4R,晴,南西,3,3,2021_5_23,1-2-3,580,1-2-3,370,1-2,190,1-2,150,2021_5_23_18_4R
93,5,4,4938,小芦るり華,42,21,6.99,4,0.13,18,4R,晴,南西,3,3,2021_5_23,1-2-3,580,1-2-3,370,1-2,190,1-2,150,2021_5_23_18_4R
94,6,6,5164,森田梨湖,15,13,7.03,6,0.15,18,4R,晴,南西,3,3,2021_5_23,1-2-3,580,1-2-3,370,1-2,190,1-2,150,2021_5_23_18_4R
95,1,2,4317,木村紗友希,68,73,7.01,2,0.16,18,5R,晴,南,3,3,2021_5_23,2-1-3,2410,1-2-3,200,2-1,2510,1-2,470,2021_5_23_18_5R
96,2,1,4419,原加央理,30,48,6.99,1,0.13,18,5R,晴,南,3,3,2021_5_23,2-1-3,2410,1-2-3,200,2-1,2510,1-2,470,2021_5_23_18_5R
97,3,3,3618,海野ゆかり,21,60,7.05,3,0.16,18,5R,晴,南,3,3,2021_5_23,2-1-3,2410,1-2-3,200,2-1,2510,1-2,470,2021_5_23_18_5R
98,4,6,5162,松尾怜実,22,18,6.98,6,0.09,18,5R,晴,南,3,3,2021_5_23,2-1-3,2410,1-2-3,200,2-1,2510,1-2,470,2021_5_23_18_5R
99,5,5,3254,柳澤千春,20,24,7.05,5,0.20,18,5R,晴,南,3,3,2021_5_23,2-1-3,2410,1-2-3,200,2-1,2510,1-2,470,2021_5_23_18_5R
100,6,4,4283,石井裕美,24,38,7.06,4,0.18,18,5R,晴,南,3,3,2021_5_23,2-1-3,2410,1-2-3,200,2-1,2510,1-2,470,2021_5_23_18_5R
101,1,1,3175,渡辺千草,27,50,6.99,1,0.00,18,6R,晴,南,3,3,2021_5_23,1-2-3,900,1-2-3,380,1-2,380,1-2,250,2021_5_23_18_6R
102,2,2,3580,水口由紀,32,68,6.98,2,0.07,18,6R,晴,南,3,3,2021_5_23,1-2-3,900,1-2-3,380,1-2,380,1-2,250,2021_5_23_18_6R
103,3,3,4765,野田部宏子,61,22,7.03,3,0.01,18,6R,晴,南,3,3,2021_5_23,1-2-3,900,1-2-3,380,1-2,380,1-2,250,2021_5_23_18_6R
104,4,5,4246,喜多那由夏,16,17,7.05,5,0.11,18,6R,晴,南,3,3,2021_5_23,1-2-3,900,1-2-3,380,1-2,380,1-2,250,2021_5_23_18_6R
105,5,6,4738,清埜翔子,72,29,6.95,6,0.07,18,6R,晴,南,3,3,2021_5_23,1-2-3,900,1-2-3,380,1-2,380,1-2,250,2021_5_23_18_6R
106,6,4,5144,中尾彩香,71,39,7.05,4,0.02,18,6R,晴,南,3,3,2021_5_23,1-2-3,900,1-2-3,380,1-2,380,1-2,250,2021_5_23_18_6R
107,1,1,3289,高橋淳美,23,15,6.99,1,0.19,18,7R,晴,南,3,3,2021_5_23,1-2-4,740,1-2-4,280,1-2,380,1-2,290,2021_5_23_18_7R
108,2,2,4088,野田祥子,38,69,6.97,2,0.17,18,7R,晴,南,3,3,2021_5_23,1-2-4,740,1-2-4,280,1-2,380,1-2,290,2021_5_23_18_7R
109,3,4,4764,小池礼乃,29,30,6.99,4,0.18,18,7R,晴,南,3,3,2021_5_23,1-2-4,740,1-2-4,280,1-2,380,1-2,290,2021_5_23_18_7R
110,4,5,3182,久保田美紀,13,27,7.02,5,0.19,18,7R,晴,南,3,3,2021_5_23,1-2-4,740,1-2-4,280,1-2,380,1-2,290,2021_5_23_18_7R
111,5,3,3509,道上千夏,63,56,7.03,3,0.16,18,7R,晴,南,3,3,2021_5_23,1-2-4,740,1-2-4,280,1-2,380,1-2,290,2021_5_23_18_7R
112,6,6,5118,野田なづき,17,47,7.06,6,0.19,18,7R,晴,南,3,3,2021_5_23,1-2-4,740,1-2-4,280,1-2,380,1-2,290,2021_5_23_18_7R
113,1,1,4870,新田有理,67,26,6.94,1,0.24,18,8R,晴,南西,2,2,2021_5_23,1-2-4,740,1-2-4,450,1-2,290,1-2,230,2021_5_23_18_8R
114,2,2,3207,田村美和,64,31,7.01,2,0.23,18,8R,晴,南西,2,2,2021_5_23,1-2-4,740,1-2-4,450,1-2,290,1-2,230,2021_5_23_18_8R
115,3,4,3357,福島陽子,18,74,7.03,4,0.33,18,8R,晴,南西,2,2,2021_5_23,1-2-4,740,1-2-4,450,1-2,290,1-2,230,2021_5_23_18_8R
116,4,5,4484,稲生夏季,39,70,7.09,5,0.37,18,8R,晴,南西,2,2,2021_5_23,1-2-4,740,1-2-4,450,1-2,290,1-2,230,2021_5_23_18_8R
117,5,3,4479,矢野真梨菜,33,71,7.03,3,0.26,18,8R,晴,南西,2,2,2021_5_23,1-2-4,740,1-2-4,450,1-2,290,1-2,230,2021_5_23_18_8R
118,6,6,4183,宇野弥生,40,20,7.01,6,0.37,18,8R,晴,南西,2,2,2021_5_23,1-2-4,740,1-2-4,450,1-2,290,1-2,230,2021_5_23_18_8R
119,1,1,4373,若狭奈美子,34,12,6.96,1,0.16,18,9R,晴,南,2,2,2021_5_23,1-2-6,1360,1-2-6,610,1-2,280,1-2,220,2021_5_23_18_9R
120,2,2,4938,小芦るり華,42,21,6.99,2,0.18,18,9R,晴,南,2,2,2021_5_23,1-2-6,1360,1-2-6,610,1-2,280,1-2,220,2021_5_23_18_9R
121,3,6,4304,藤崎小百合,65,25,7.04,6,0.11,18,9R,晴,南,2,2,2021_5_23,1-2-6,1360,1-2-6,610,1-2,280,1-2,220,2021_5_23_18_9R
122,4,3,4720,西澤日花里,37,11,6.97,3,0.16,18,9R,晴,南,2,2,2021_5_23,1-2-6,1360,1-2-6,610,1-2,280,1-2,220,2021_5_23_18_9R
123,5,4,4317,木村紗友希,68,73,6.99,4,0.12,18,9R,晴,南,2,2,2021_5_23,1-2-6,1360,1-2-6,610,1-2,280,1-2,220,2021_5_23_18_9R
124,6,5,5144,中尾彩香,71,39,7.06,5,0.13,18,9R,晴,南,2,2,2021_5_23,1-2-6,1360,1-2-6,610,1-2,280,1-2,220,2021_5_23_18_9R
125,1,1,4738,清埜翔子,72,29,6.97,1,0.02,18,10R,晴,南,2,2,2021_5_23,1-4-6,380,1-4-6,170,1-4,260,1-4,200,2021_5_23_18_10R
126,2,4,3175,渡辺千草,27,50,7.01,4,0.06,18,10R,晴,南,2,2,2021_5_23,1-4-6,380,1-4-6,170,1-4,260,1-4,200,2021_5_23_18_10R
127,3,6,4611,今井美亜,69,61,6.96,6,0.06,18,10R,晴,南,2,2,2021_5_23,1-4-6,380,1-4-6,170,1-4,260,1-4,200,2021_5_23_18_10R
128,4,5,4419,原加央理,30,48,7.06,5,0.09,18,10R,晴,南,2,2,2021_5_23,1-4-6,380,1-4-6,170,1-4,260,1-4,200,2021_5_23_18_10R
129,1,1,3618,海野ゆかり,21,60,7.00,1,0.14,18,11R,晴,南,2,2,2021_5_23,1-2-4,410,1-2-4,210,1-2,210,1-2,150,2021_5_23_18_11R
130,2,2,4208,三浦永理,12,54,7.03,2,0.17,18,11R,晴,南,2,2,2021_5_23,1-2-4,410,1-2-4,210,1-2,210,1-2,150,2021_5_23_18_11R
131,3,4,4870,新田有理,67,26,6.95,4,0.14,18,11R,晴,南,2,2,2021_5_23,1-2-4,410,1-2-4,210,1-2,210,1-2,150,2021_5_23_18_11R
132,4,3,3551,藤田美代,43,65,6.97,3,0.18,18,11R,晴,南,2,2,2021_5_23,1-2-4,410,1-2-4,210,1-2,210,1-2,150,2021_5_23_18_11R
133,5,5,3289,高橋淳美,23,15,7.07,5,0.19,18,11R,晴,南,2,2,2021_5_23,1-2-4,410,1-2-4,210,1-2,210,1-2,150,2021_5_23_18_11R
134,6,6,4773,中川りな,28,57,6.98,6,0.19,18,11R,晴,南,2,2,2021_5_23,1-2-4,410,1-2-4,210,1-2,210,1-2,150,2021_5_23_18_11R
135,1,1,4502,遠藤エミ,25,52,6.96,1,0.15,18,12R,晴,南,3,3,2021_5_23,1-5-4,7780,1-4-5,2390,1-5,1110,1-5,1020,2021_5_23_18_12R
136,2,5,3932,池田浩美,14,75,6.99,5,0.24,18,12R,晴,南,3,3,2021_5_23,1-5-4,7780,1-4-5,2390,1-5,1110,1-5,1020,2021_5_23_18_12R
137,3,4,3579,中里優子,66,43,7.05,4,0.16,18,12R,晴,南,3,3,2021_5_23,1-5-4,7780,1-4-5,2390,1-5,1110,1-5,1020,2021_5_23_18_12R
138,4,2,4758,富樫麗加,31,63,7.01,2,0.19,18,12R,晴,南,3,3,2021_5_23,1-5-4,7780,1-4-5,2390,1-5,1110,1-5,1020,2021_5_23_18_12R
139,5,6,4546,浜田亜理沙,70,19,7.05,6,0.22,18,12R,晴,南,3,3,2021_5_23,1-5-4,7780,1-4-5,2390,1-5,1110,1-5,1020,2021_5_23_18_12R
140,6,3,4123,細川裕子,62,67,7.00,3,0.19,18,12R,晴,南,3,3,2021_5_23,1-5-4,7780,1-4-5,2390,1-5,1110,1-5,1020,2021_5_23_18_12R
141,1,1,4821,妻鳥晋也,48,49,6.67,1,0.25,17,1R,晴,南西,4,4,2021_5_23,1-2-3,1400,1-2-3,500,1-2,460,1-2,500,2021_5_23_17_1R
142,2,2,3802,森岡まき,68,43,6.67,2,0.25,17,1R,晴,南西,4,4,2021_5_23,1-2-3,1400,1-2-3,500,1-2,460,1-2,500,2021_5_23_17_1R
143,3,3,4180,上野秀和,51,27,6.70,3,0.25,17,1R,晴,南西,4,4,2021_5_23,1-2-3,1400,1-2-3,500,1-2,460,1-2,500,2021_5_23_17_1R
144,4,4,4747,山戸信二,14,44,6.66,4,0.28,17,1R,晴,南西,4,4,2021_5_23,1-2-3,1400,1-2-3,500,1-2,460,1-2,500,2021_5_23_17_1R
145,5,6,5165,小林愛実,65,20,6.58,6,0.30,17,1R,晴,南西,4,4,2021_5_23,1-2-3,1400,1-2-3,500,1-2,460,1-2,500,2021_5_23_17_1R
146,6,5,4919,吉田翔悟,13,66,6.63,5,0.23,17,1R,晴,南西,4,4,2021_5_23,1-2-3,1400,1-2-3,500,1-2,460,1-2,500,2021_5_23_17_1R
147,1,1,4429,豊田泰洋,22,40,6.67,1,0.25,17,2R,晴,南西,3,3,2021_5_23,1-6-2,2900,1-2-6,420,1-6,1530,1-6,890,2021_5_23_17_2R
148,2,6,3797,岩井繁,37,67,6.66,5,0.20,17,2R,晴,南西,3,3,2021_5_23,1-6-2,2900,1-2-6,420,1-6,1530,1-6,890,2021_5_23_17_2R
149,3,2,4691,水原慎,32,11,6.67,2,0.26,17,2R,晴,南西,3,3,2021_5_23,1-6-2,2900,1-2-6,420,1-6,1530,1-6,890,2021_5_23_17_2R
150,4,4,5083,柳瀬幹太,52,69,6.60,4,0.19,17,2R,晴,南西,3,3,2021_5_23,1-6-2,2900,1-2-6,420,1-6,1530,1-6,890,2021_5_23_17_2R
151,5,3,3186,沖悟,62,45,6.61,3,0.25,17,2R,晴,南西,3,3,2021_5_23,1-6-2,2900,1-2-6,420,1-6,1530,1-6,890,2021_5_23_17_2R
152,6,5,5168,池田なな,17,48,6.62,6,0.28,17,2R,晴,南西,3,3,2021_5_23,1-6-2,2900,1-2-6,420,1-6,1530,1-6,890,2021_5_23_17_2R
153,1,1,4425,大井清貴,29,36,6.65,1,0.10,17,3R,晴,南西,3,3,2021_5_23,1-4-5,820,1-4-5,300,1-4,270,1-4,160,2021_5_23_17_3R
154,2,4,4260,中越博紀,61,56,6.67,4,0.23,17,3R,晴,南西,3,3,2021_5_23,1-4-5,820,1-4-5,300,1-4,270,1-4,160,2021_5_23_17_3R
155,3,5,4248,岡本大,20,51,6.67,5,0.14,17,3R,晴,南西,3,3,2021_5_23,1-4-5,820,1-4-5,300,1-4,270,1-4,160,2021_5_23_17_3R
156,4,3,4232,笠雅雄,39,68,6.65,3,0.07,17,3R,晴,南西,3,3,2021_5_23,1-4-5,820,1-4-5,300,1-4,270,1-4,160,2021_5_23_17_3R
157,5,2,4800,小寺拳人,64,31,6.64,2,0.19,17,3R,晴,南西,3,3,2021_5_23,1-4-5,820,1-4-5,300,1-4,270,1-4,160,2021_5_23_17_3R
158,6,6,5021,計盛光,58,17,6.68,6,0.35,17,3R,晴,南西,3,3,2021_5_23,1-4-5,820,1-4-5,300,1-4,270,1-4,160,2021_5_23_17_3R
159,1,1,3443,森秋光,60,32,6.63,1,0.17,17,4R,晴,南西,4,4,2021_5_23,1-3-6,630,1-3-6,280,1-3,280,1-3,290,2021_5_23_17_4R
160,2,3,4949,横田貴満,49,65,6.65,3,0.16,17,4R,晴,南西,4,4,2021_5_23,1-3-6,630,1-3-6,280,1-3,280,1-3,290,2021_5_23_17_4R
161,3,6,4471,新田泰章,43,16,6.67,4,0.18,17,4R,晴,南西,4,4,2021_5_23,1-3-6,630,1-3-6,280,1-3,280,1-3,290,2021_5_23_17_4R
162,4,4,4332,村上彰一,30,37,6.68,5,0.21,17,4R,晴,南西,4,4,2021_5_23,1-3-6,630,1-3-6,280,1-3,280,1-3,290,2021_5_23_17_4R
163,5,2,3620,信濃由行,42,33,6.70,2,0.18,17,4R,晴,南西,4,4,2021_5_23,1-3-6,630,1-3-6,280,1-3,280,1-3,290,2021_5_23_17_4R
164,6,5,5163,清水愛海,21,14,6.69,6,0.25,17,4R,晴,南西,4,4,2021_5_23,1-3-6,630,1-3-6,280,1-3,280,1-3,290,2021_5_23_17_4R
165,1,5,4189,川上剛,35,12,6.68,5,0.21,17,5R,晴,南西,4,4,2021_5_23,5-4-1,6200,1-4-5,420,5-4,3140,4-5,710,2021_5_23_17_5R
166,2,4,4323,山田佑樹,25,46,6.59,4,0.16,17,5R,晴,南西,4,4,2021_5_23,5-4-1,6200,1-4-5,420,5-4,3140,4-5,710,2021_5_23_17_5R
167,3,1,4402,乙藤智史,24,13,6.70,1,0.21,17,5R,晴,南西,4,4,2021_5_23,5-4-1,6200,1-4-5,420,5-4,3140,4-5,710,2021_5_23_17_5R
168,4,3,3802,森岡まき,68,43,6.68,3,0.19,17,5R,晴,南西,4,4,2021_5_23,5-4-1,6200,1-4-5,420,5-4,3140,4-5,710,2021_5_23_17_5R
169,5,6,3674,岸恵子,63,47,6.71,6,0.18,17,5R,晴,南西,4,4,2021_5_23,5-4-1,6200,1-4-5,420,5-4,3140,4-5,710,2021_5_23_17_5R
170,6,2,4919,吉田翔悟,13,66,6.65,2,0.25,17,5R,晴,南西,4,4,2021_5_23,5-4-1,6200,1-4-5,420,5-4,3140,4-5,710,2021_5_23_17_5R
171,1,1,4583,古田祐貴,66,64,6.61,1,0.20,17,6R,晴,南西,4,4,2021_5_23,1-2-3,1610,1-2-3,620,1-2,730,1-2,590,2021_5_23_17_6R
172,2,2,5083,柳瀬幹太,52,69,6.60,2,0.24,17,6R,晴,南西,4,4,2021_5_23,1-2-3,1610,1-2-3,620,1-2,730,1-2,590,2021_5_23_17_6R
173,3,3,3797,岩井繁,37,67,6.69,3,0.18,17,6R,晴,南西,4,4,2021_5_23,1-2-3,1610,1-2-3,620,1-2,730,1-2,590,2021_5_23_17_6R
174,4,4,4562,阪本勇介,23,61,6.62,4,0.17,17,6R,晴,南西,4,4,2021_5_23,1-2-3,1610,1-2-3,620,1-2,730,1-2,590,2021_5_23_17_6R
175,5,6,4443,津田裕絵,34,29,6.68,5,0.17,17,6R,晴,南西,4,4,2021_5_23,1-2-3,1610,1-2-3,620,1-2,730,1-2,590,2021_5_23_17_6R
176,6,5,5165,小林愛実,65,20,6.67,6,0.16,17,6R,晴,南西,4,4,2021_5_23,1-2-3,1610,1-2-3,620,1-2,730,1-2,590,2021_5_23_17_6R
177,1,4,4643,近江翔吾,56,53,6.67,4,0.14,17,7R,晴,南西,4,3,2021_5_23,4-1-2,1350,1-2-4,260,4-1,370,1-4,180,2021_5_23_17_7R
178,2,1,3372,加藤雅之,27,60,6.64,1,0.14,17,7R,晴,南西,4,3,2021_5_23,4-1-2,1350,1-2-4,260,4-1,370,1-4,180,2021_5_23_17_7R
179,3,2,3186,沖悟,62,45,6.70,2,0.16,17,7R,晴,南西,4,3,2021_5_23,4-1-2,1350,1-2-4,260,4-1,370,1-4,180,2021_5_23_17_7R
180,4,5,4232,笠雅雄,39,68,6.70,5,0.19,17,7R,晴,南西,4,3,2021_5_23,4-1-2,1350,1-2-4,260,4-1,370,1-4,180,2021_5_23_17_7R
181,5,3,4747,山戸信二,14,44,6.67,3,0.17,17,7R,晴,南西,4,3,2021_5_23,4-1-2,1350,1-2-4,260,4-1,370,1-4,180,2021_5_23_17_7R
182,6,6,5168,池田なな,17,48,6.66,6,0.19,17,7R,晴,南西,4,3,2021_5_23,4-1-2,1350,1-2-4,260,4-1,370,1-4,180,2021_5_23_17_7R
183,1,1,4441,末永由楽,54,62,6.64,1,0.12,17,8R,晴,西,4,4,2021_5_23,1-4-6,9950,1-4-6,4120,1-4,700,1-4,660,2021_5_23_17_8R
184,2,4,3620,信濃由行,42,33,6.79,4,0.13,17,8R,晴,西,4,4,2021_5_23,1-4-6,9950,1-4-6,4120,1-4,700,1-4,660,2021_5_23_17_8R
185,3,6,5163,清水愛海,21,14,6.68,6,0.17,17,8R,晴,西,4,4,2021_5_23,1-4-6,9950,1-4-6,4120,1-4,700,1-4,660,2021_5_23_17_8R
186,4,5,3722,西村秀樹,57,55,6.67,5,0.12,17,8R,晴,西,4,4,2021_5_23,1-4-6,9950,1-4-6,4120,1-4,700,1-4,660,2021_5_23_17_8R
187,5,3,4691,水原慎,32,11,6.71,3,0.26,17,8R,晴,西,4,4,2021_5_23,1-4-6,9950,1-4-6,4120,1-4,700,1-4,660,2021_5_23_17_8R
188,6,2,4429,豊田泰洋,22,40,6.72,2,0.20,17,8R,晴,西,4,4,2021_5_23,1-4-6,9950,1-4-6,4120,1-4,700,1-4,660,2021_5_23_17_8R
189,1,4,4471,新田泰章,43,16,6.69,4,0.07,17,9R,晴,西,4,4,2021_5_23,4-5-6,17340,4-5-6,5060,4-5,7050,4-5,10280,2021_5_23_17_9R
190,2,5,4800,小寺拳人,64,31,6.69,6,0.03,17,9R,晴,西,4,4,2021_5_23,4-5-6,17340,4-5-6,5060,4-5,7050,4-5,10280,2021_5_23_17_9R
191,3,6,4949,横田貴満,49,65,6.65,5,0.02,17,9R,晴,西,4,4,2021_5_23,4-5-6,17340,4-5-6,5060,4-5,7050,4-5,10280,2021_5_23_17_9R
192,4,3,3645,淺田千亜希,40,24,6.68,3,0.21,17,9R,晴,西,4,4,2021_5_23,4-5-6,17340,4-5-6,5060,4-5,7050,4-5,10280,2021_5_23_17_9R
193,5,1,4189,川上剛,35,12,6.65,1,0.18,17,9R,晴,西,4,4,2021_5_23,4-5-6,17340,4-5-6,5060,4-5,7050,4-5,10280,2021_5_23_17_9R
194,6,2,4180,上野秀和,51,27,6.73,2,0.19,17,9R,晴,西,4,4,2021_5_23,4-5-6,17340,4-5-6,5060,4-5,7050,4-5,10280,2021_5_23_17_9R
195,1,5,4821,妻鳥晋也,48,49,6.70,6,0.22,17,10R,晴,西,4,3,2021_5_23,5-1-6,35240,1-5-6,3310,5-1,3580,1-5,1410,2021_5_23_17_10R
196,2,1,3674,岸恵子,63,47,6.66,1,0.23,17,10R,晴,西,4,3,2021_5_23,5-1-6,35240,1-5-6,3310,5-1,3580,1-5,1410,2021_5_23_17_10R
197,3,6,3443,森秋光,60,32,6.71,2,0.23,17,10R,晴,西,4,3,2021_5_23,5-1-6,35240,1-5-6,3310,5-1,3580,1-5,1410,2021_5_23_17_10R
198,4,3,4583,古田祐貴,66,64,6.67,4,0.27,17,10R,晴,西,4,3,2021_5_23,5-1-6,35240,1-5-6,3310,5-1,3580,1-5,1410,2021_5_23_17_10R
199,5,4,4425,大井清貴,29,36,6.71,5,0.30,17,10R,晴,西,4,3,2021_5_23,5-1-6,35240,1-5-6,3310,5-1,3580,1-5,1410,2021_5_23_17_10R
200,6,2,4643,近江翔吾,56,53,6.71,3,0.33,17,10R,晴,西,4,3,2021_5_23,5-1-6,35240,1-5-6,3310,5-1,3580,1-5,1410,2021_5_23_17_10R
201,1,1,4443,津田裕絵,34,29,6.67,1,0.21,17,11R,晴,南西,3,3,2021_5_23,1-2-5,2390,1-2-5,1900,1-2,400,1-2,260,2021_5_23_17_11R
202,2,2,4260,中越博紀,61,56,6.71,2,0.19,17,11R,晴,南西,3,3,2021_5_23,1-2-5,2390,1-2-5,1900,1-2,400,1-2,260,2021_5_23_17_11R
203,3,5,3372,加藤雅之,27,60,6.63,5,0.27,17,11R,晴,南西,3,3,2021_5_23,1-2-5,2390,1-2-5,1900,1-2,400,1-2,260,2021_5_23_17_11R
204,4,3,4332,村上彰一,30,37,6.76,3,0.23,17,11R,晴,南西,3,3,2021_5_23,1-2-5,2390,1-2-5,1900,1-2,400,1-2,260,2021_5_23_17_11R
205,5,4,4441,末永由楽,54,62,6.71,4,0.27,17,11R,晴,南西,3,3,2021_5_23,1-2-5,2390,1-2-5,1900,1-2,400,1-2,260,2021_5_23_17_11R
206,6,6,4402,乙藤智史,24,13,6.75,6,0.22,17,11R,晴,南西,3,3,2021_5_23,1-2-5,2390,1-2-5,1900,1-2,400,1-2,260,2021_5_23_17_11R
207,1,1,4290,稲田浩二,59,58,6.66,1,0.12,17,12R,晴,南西,3,3,2021_5_23,1-4-5,3490,1-4-5,1920,1-4,580,1-4,560,2021_5_23_17_12R
208,2,4,4174,赤坂俊輔,67,19,6.73,4,0.20,17,12R,晴,南西,3,3,2021_5_23,1-4-5,3490,1-4-5,1920,1-4,580,1-4,560,2021_5_23_17_12R
209,3,5,4060,島田一生,36,54,6.64,5,0.16,17,12R,晴,南西,3,3,2021_5_23,1-4-5,3490,1-4-5,1920,1-4,580,1-4,560,2021_5_23_17_12R
210,4,2,4237,大峯豊,46,59,6.69,2,0.27,17,12R,晴,南西,3,3,2021_5_23,1-4-5,3490,1-4-5,1920,1-4,580,1-4,560,2021_5_23_17_12R
211,5,3,4757,山田祐也,33,63,6.66,3,0.28,17,12R,晴,南西,3,3,2021_5_23,1-4-5,3490,1-4-5,1920,1-4,580,1-4,560,2021_5_23_17_12R
212,6,6,4133,高橋正男,26,38,6.75,6,0.24,17,12R,晴,南西,3,3,2021_5_23,1-4-5,3490,1-4-5,1920,1-4,580,1-4,560,2021_5_23_17_12R
213,1,1,4122,安東幸治,25,53,6.78,1,0.03,15,1R,晴,北西,2,2,2021_5_23,1-3-4,1220,1-3-4,500,1-3,490,1-3,380,2021_5_23_15_1R
214,2,3,4951,新田洋一,50,47,6.81,3,0.07,15,1R,晴,北西,2,2,2021_5_23,1-3-4,1220,1-3-4,500,1-3,490,1-3,380,2021_5_23_15_1R
215,3,4,3161,古場輝義,39,21,6.77,4,0.13,15,1R,晴,北西,2,2,2021_5_23,1-3-4,1220,1-3-4,500,1-3,490,1-3,380,2021_5_23_15_1R
216,4,2,5012,加倉侑征,11,37,6.86,2,0.06,15,1R,晴,北西,2,2,2021_5_23,1-3-4,1220,1-3-4,500,1-3,490,1-3,380,2021_5_23_15_1R
217,5,5,3906,飯山晃三,60,33,6.88,5,0.15,15,1R,晴,北西,2,2,2021_5_23,1-3-4,1220,1-3-4,500,1-3,490,1-3,380,2021_5_23_15_1R
218,6,6,3151,落合敬一,15,25,6.96,6,0.25,15,1R,晴,北西,2,2,2021_5_23,1-3-4,1220,1-3-4,500,1-3,490,1-3,380,2021_5_23_15_1R
219,1,2,3661,柳瀬興志 ,1,20,6.79,2,0.18,15,2R,晴,西,2,2,2021_5_23,2-4-1,2260,1-2-4,350,2-4,650,2-4,590,2021_5_23_15_2R
220,2,4,3741,松尾基成,35,13,6.84,4,0.19,15,2R,晴,西,2,2,2021_5_23,2-4-1,2260,1-2-4,350,2-4,650,2-4,590,2021_5_23_15_2R
221,3,1,5054,佐々木大河,13,24,6.85,1,0.17,15,2R,晴,西,2,2,2021_5_23,2-4-1,2260,1-2-4,350,2-4,650,2-4,590,2021_5_23_15_2R
222,4,6,3424,松浦努,65,34,6.87,6,0.23,15,2R,晴,西,2,2,2021_5_23,2-4-1,2260,1-2-4,350,2-4,650,2-4,590,2021_5_23_15_2R
223,5,3,3600,玄馬徹,23,17,6.88,3,0.18,15,2R,晴,西,2,2,2021_5_23,2-4-1,2260,1-2-4,350,2-4,650,2-4,590,2021_5_23_15_2R
224,6,5,5131,江藤敦宏 ,4,1,6.85,5,0.14,15,2R,晴,西,2,2,2021_5_23,2-4-1,2260,1-2-4,350,2-4,650,2-4,590,2021_5_23_15_2R
225,1,5,3478,嶋田貴支,47,62,6.81,5,0.22,15,3R,晴,西,2,2,2021_5_23,5-2-4,66560,2-4-5,8940,5-2,7860,2-5,2690,2021_5_23_15_3R
226,2,2,3804,中渡修作,48,22,6.84,2,0.21,15,3R,晴,西,2,2,2021_5_23,5-2-4,66560,2-4-5,8940,5-2,7860,2-5,2690,2021_5_23_15_3R
227,3,4,3883,山根大樹,28,30,6.83,4,0.13,15,3R,晴,西,2,2,2021_5_23,5-2-4,66560,2-4-5,8940,5-2,7860,2-5,2690,2021_5_23_15_3R
228,4,6,4410,井上大輔,59,4,6.84,6,0.21,15,3R,晴,西,2,2,2021_5_23,5-2-4,66560,2-4-5,8940,5-2,7860,2-5,2690,2021_5_23_15_3R
229,5,3,3456,松下潤,14,10,6.89,3,0.24,15,3R,晴,西,2,2,2021_5_23,5-2-4,66560,2-4-5,8940,5-2,7860,2-5,2690,2021_5_23_15_3R
230,6,1,4674,池田剛規,58,50,6.79,1,0.18,15,3R,晴,西,2,2,2021_5_23,5-2-4,66560,2-4-5,8940,5-2,7860,2-5,2690,2021_5_23_15_3R
231,1,1,5041,荒牧凪沙,26,35,6.80,1,0.21,15,4R,晴,西,2,2,2021_5_23,1-2-3,930,1-2-3,340,1-2,430,1-2,230,2021_5_23_15_4R
232,2,2,4214,林祐介,54,6,6.77,2,0.19,15,4R,晴,西,2,2,2021_5_23,1-2-3,930,1-2-3,340,1-2,430,1-2,230,2021_5_23_15_4R
233,3,3,4234,野相弘司,46,49,6.86,3,0.18,15,4R,晴,西,2,2,2021_5_23,1-2-3,930,1-2-3,340,1-2,430,1-2,230,2021_5_23_15_4R
234,4,5,4000,松本博昭,17,7,6.86,5,0.21,15,4R,晴,西,2,2,2021_5_23,1-2-3,930,1-2-3,340,1-2,430,1-2,230,2021_5_23_15_4R
235,5,6,4529,嶋義信,56,5,6.83,6,0.27,15,4R,晴,西,2,2,2021_5_23,1-2-3,930,1-2-3,340,1-2,430,1-2,230,2021_5_23_15_4R
236,6,4,3773,津留浩一郎 ,3,12,6.83,4,0.19,15,4R,晴,西,2,2,2021_5_23,1-2-3,930,1-2-3,340,1-2,430,1-2,230,2021_5_23_15_4R
237,1,3,5026,安河内健,41,61,6.82,3,0.04,15,5R,晴,北西,3,3,2021_5_23,3-1-5,1490,1-3-5,320,3-1,780,1-3,330,2021_5_23_15_5R
238,2,1,3507,藤井徹,44,64,6.86,1,0.07,15,5R,晴,北西,3,3,2021_5_23,3-1-5,1490,1-3-5,320,3-1,780,1-3,330,2021_5_23_15_5R
239,3,5,4374,永田義紘 ,9,45,6.82,5,0.06,15,5R,晴,北西,3,3,2021_5_23,3-1-5,1490,1-3-5,320,3-1,780,1-3,330,2021_5_23_15_5R
240,4,6,4951,新田洋一,50,47,6.86,6,0.11,15,5R,晴,北西,3,3,2021_5_23,3-1-5,1490,1-3-5,320,3-1,780,1-3,330,2021_5_23_15_5R
241,5,4,5105,富田恕生,10,31,6.84,4,0.07,15,5R,晴,北西,3,3,2021_5_23,3-1-5,1490,1-3-5,320,3-1,780,1-3,330,2021_5_23_15_5R
242,6,2,3906,飯山晃三,60,33,6.89,2,0.07,15,5R,晴,北西,3,3,2021_5_23,3-1-5,1490,1-3-5,320,3-1,780,1-3,330,2021_5_23_15_5R
243,1,4,3661,柳瀬興志 ,1,20,6.81,4,0.19,15,6R,晴,北西,2,2,2021_5_23,4-2-5,36130,2-4-5,9810,4-2,9270,2-4,2550,2021_5_23_15_6R
244,2,2,3600,玄馬徹,23,17,6.88,2,0.28,15,6R,晴,北西,2,2,2021_5_23,4-2-5,36130,2-4-5,9810,4-2,9270,2-4,2550,2021_5_23_15_6R
245,3,5,3491,富永茂,40,16,6.84,5,0.23,15,6R,晴,北西,2,2,2021_5_23,4-2-5,36130,2-4-5,9810,4-2,9270,2-4,2550,2021_5_23_15_6R
246,4,1,4101,三井所尊春,62,38,6.84,1,0.27,15,6R,晴,北西,2,2,2021_5_23,4-2-5,36130,2-4-5,9810,4-2,9270,2-4,2550,2021_5_23_15_6R
247,5,3,3920,正木聖賢,19,23,6.79,3,0.21,15,6R,晴,北西,2,2,2021_5_23,4-2-5,36130,2-4-5,9810,4-2,9270,2-4,2550,2021_5_23_15_6R
248,6,6,5101,表健太,52,11,6.75,6,0.22,15,6R,晴,北西,2,2,2021_5_23,4-2-5,36130,2-4-5,9810,4-2,9270,2-4,2550,2021_5_23_15_6R
249,1,1,4514,上條嘉嗣,31,59,6.86,1,0.11,15,7R,晴,北西,1,1,2021_5_23,1-3-2,540,1-2-3,330,1-3,170,1-3,140,2021_5_23_15_7R
250,2,3,3933,山地正樹,38,58,6.80,3,0.12,15,7R,晴,北西,1,1,2021_5_23,1-3-2,540,1-2-3,330,1-3,170,1-3,140,2021_5_23_15_7R
251,3,2,3151,落合敬一,15,25,6.90,2,0.06,15,7R,晴,北西,1,1,2021_5_23,1-3-2,540,1-2-3,330,1-3,170,1-3,140,2021_5_23_15_7R
252,4,4,3456,松下潤,14,10,6.86,4,0.21,15,7R,晴,北西,1,1,2021_5_23,1-3-2,540,1-2-3,330,1-3,170,1-3,140,2021_5_23_15_7R
253,5,5,3883,山根大樹,28,30,6.93,5,0.22,15,7R,晴,北西,1,1,2021_5_23,1-3-2,540,1-2-3,330,1-3,170,1-3,140,2021_5_23_15_7R
254,6,6,5131,江藤敦宏 ,4,1,6.87,6,0.17,15,7R,晴,北西,1,1,2021_5_23,1-3-2,540,1-2-3,330,1-3,170,1-3,140,2021_5_23_15_7R
255,1,1,3961,谷村一哉,16,57,6.77,1,0.06,15,8R,晴,北西,1,1,2021_5_23,1-3-2,620,1-2-3,240,1-3,310,1-3,190,2021_5_23_15_8R
256,2,3,3161,古場輝義,39,21,6.74,3,0.14,15,8R,晴,北西,1,1,2021_5_23,1-3-2,620,1-2-3,240,1-3,310,1-3,190,2021_5_23_15_8R
257,3,2,4529,嶋義信,56,5,6.83,2,0.08,15,8R,晴,北西,1,1,2021_5_23,1-3-2,620,1-2-3,240,1-3,310,1-3,190,2021_5_23_15_8R
258,4,4,3804,中渡修作,48,22,6.87,4,0.14,15,8R,晴,北西,1,1,2021_5_23,1-3-2,620,1-2-3,240,1-3,310,1-3,190,2021_5_23_15_8R
259,5,6,5031,渡辺空依,30,27,6.79,6,0.18,15,8R,晴,北西,1,1,2021_5_23,1-3-2,620,1-2-3,240,1-3,310,1-3,190,2021_5_23_15_8R
260,6,5,3773,津留浩一郎 ,3,12,6.89,5,0.16,15,8R,晴,北西,1,1,2021_5_23,1-3-2,620,1-2-3,240,1-3,310,1-3,190,2021_5_23_15_8R
261,1,4,5026,安河内健,41,61,6.84,4,0.05,15,9R,晴,北西,1,1,2021_5_23,4-1-5,3860,1-4-5,890,4-1,720,1-4,350,2021_5_23_15_9R
262,2,1,4000,松本博昭,17,7,6.78,1,0.12,15,9R,晴,北西,1,1,2021_5_23,4-1-5,3860,1-4-5,890,4-1,720,1-4,350,2021_5_23_15_9R
263,3,5,3741,松尾基成,35,13,6.92,5,0.15,15,9R,晴,北西,1,1,2021_5_23,4-1-5,3860,1-4-5,890,4-1,720,1-4,350,2021_5_23_15_9R
264,4,6,3478,嶋田貴支,47,62,6.88,6,0.16,15,9R,晴,北西,1,1,2021_5_23,4-1-5,3860,1-4-5,890,4-1,720,1-4,350,2021_5_23_15_9R
265,5,2,3920,正木聖賢,19,23,6.75,2,0.17,15,9R,晴,北西,1,1,2021_5_23,4-1-5,3860,1-4-5,890,4-1,720,1-4,350,2021_5_23_15_9R
266,6,3,5105,富田恕生,10,31,6.84,3,0.13,15,9R,晴,北西,1,1,2021_5_23,4-1-5,3860,1-4-5,890,4-1,720,1-4,350,2021_5_23_15_9R
267,1,5,4214,林祐介,54,6,6.81,5,0.16,15,10R,晴,北西,2,2,2021_5_23,5-1-4,14040,1-4-5,1100,5-1,2090,1-5,490,2021_5_23_15_10R
268,2,1,4410,井上大輔,59,4,6.92,1,0.23,15,10R,晴,北西,2,2,2021_5_23,5-1-4,14040,1-4-5,1100,5-1,2090,1-5,490,2021_5_23_15_10R
269,3,4,4234,野相弘司,46,49,6.86,4,0.18,15,10R,晴,北西,2,2,2021_5_23,5-1-4,14040,1-4-5,1100,5-1,2090,1-5,490,2021_5_23_15_10R
270,4,6,4122,安東幸治,25,53,6.79,6,0.13,15,10R,晴,北西,2,2,2021_5_23,5-1-4,14040,1-4-5,1100,5-1,2090,1-5,490,2021_5_23_15_10R
271,5,3,5012,加倉侑征,11,37,6.93,3,0.17,15,10R,晴,北西,2,2,2021_5_23,5-1-4,14040,1-4-5,1100,5-1,2090,1-5,490,2021_5_23_15_10R
272,6,2,3507,藤井徹,44,64,6.87,2,0.26,15,10R,晴,北西,2,2,2021_5_23,5-1-4,14040,1-4-5,1100,5-1,2090,1-5,490,2021_5_23_15_10R
273,1,1,3933,山地正樹,38,58,6.74,1,0.13,15,11R,晴,南西,1,1,2021_5_23,1-3-2,1790,1-2-3,600,1-3,310,1-3,280,2021_5_23_15_11R
274,2,3,4101,三井所尊春,62,38,6.79,3,0.13,15,11R,晴,南西,1,1,2021_5_23,1-3-2,1790,1-2-3,600,1-3,310,1-3,280,2021_5_23_15_11R
275,3,2,4374,永田義紘 ,9,45,6.79,2,0.09,15,11R,晴,南西,1,1,2021_5_23,1-3-2,1790,1-2-3,600,1-3,310,1-3,280,2021_5_23_15_11R
276,4,5,3961,谷村一哉,16,57,6.83,5,0.13,15,11R,晴,南西,1,1,2021_5_23,1-3-2,1790,1-2-3,600,1-3,310,1-3,280,2021_5_23_15_11R
277,5,6,4674,池田剛規,58,50,6.89,6,0.14,15,11R,晴,南西,1,1,2021_5_23,1-3-2,1790,1-2-3,600,1-3,310,1-3,280,2021_5_23_15_11R
278,6,4,4514,上條嘉嗣,31,59,6.89,4,0.12,15,11R,晴,南西,1,1,2021_5_23,1-3-2,1790,1-2-3,600,1-3,310,1-3,280,2021_5_23_15_11R
279,1,1,4069,山本修一,24,56,6.83,1,0.07,15,12R,晴,南東,3,3,2021_5_23,1-5-4,4390,1-4-5,1230,1-5,1290,1-5,1150,2021_5_23_15_12R
280,2,5,4668,楠本晃嗣,64,39,6.84,5,0.14,15,12R,晴,南東,3,3,2021_5_23,1-5-4,4390,1-4-5,1230,1-5,1290,1-5,1150,2021_5_23_15_12R
281,3,4,4459,片岡雅裕,45,3,6.83,4,0.14,15,12R,晴,南東,3,3,2021_5_23,1-5-4,4390,1-4-5,1230,1-5,1290,1-5,1150,2021_5_23_15_12R
282,4,6,4292,麻生慎介,57,66,6.90,6,0.16,15,12R,晴,南東,3,3,2021_5_23,1-5-4,4390,1-4-5,1230,1-5,1290,1-5,1150,2021_5_23_15_12R
283,5,3,4977,馬野耀 ,5,55,6.93,3,0.18,15,12R,晴,南東,3,3,2021_5_23,1-5-4,4390,1-4-5,1230,1-5,1290,1-5,1150,2021_5_23_15_12R
284,6,2,3876,中辻崇人,21,63,6.84,2,0.13,15,12R,晴,南東,3,3,2021_5_23,1-5-4,4390,1-4-5,1230,1-5,1290,1-5,1150,2021_5_23_15_12R
285,1,2,3141,山来和人,26,27,6.75,2,0.08,11,1R,晴,南,1,2,2021_5_23,2-1-3,2020,1-2-3,290,2-1,760,1-2,270,2021_5_23_11_1R
286,2,1,4662,片山雅雄,30,30,6.77,1,0.07,11,1R,晴,南,1,2,2021_5_23,2-1-3,2020,1-2-3,290,2-1,760,1-2,270,2021_5_23_11_1R
287,3,3,3752,宇土泰就,25,63,6.77,3,0.13,11,1R,晴,南,1,2,2021_5_23,2-1-3,2020,1-2-3,290,2-1,760,1-2,270,2021_5_23_11_1R
288,4,4,2538,高橋二朗,60,15,6.69,4,0.25,11,1R,晴,南,1,2,2021_5_23,2-1-3,2020,1-2-3,290,2-1,760,1-2,270,2021_5_23_11_1R
289,5,5,5106,山崎祥,22,32,6.73,5,0.22,11,1R,晴,南,1,2,2021_5_23,2-1-3,2020,1-2-3,290,2-1,760,1-2,270,2021_5_23_11_1R
290,6,6,5037,田頭虎親,40,34,6.89,6,0.27,11,1R,晴,南,1,2,2021_5_23,2-1-3,2020,1-2-3,290,2-1,760,1-2,270,2021_5_23_11_1R
291,1,1,3562,山下和彦,23,73,6.71,1,0.22,11,2R,晴,北西,1,1,2021_5_23,1-2-3,1190,1-2-3,740,1-2,280,1-2,250,2021_5_23_11_2R
292,2,2,3294,野中義生,63,19,6.73,2,0.20,11,2R,晴,北西,1,1,2021_5_23,1-2-3,1190,1-2-3,740,1-2,280,1-2,250,2021_5_23_11_2R
293,3,3,5050,木下雄介,59,57,6.64,3,0.19,11,2R,晴,北西,1,1,2021_5_23,1-2-3,1190,1-2-3,740,1-2,280,1-2,250,2021_5_23_11_2R
294,4,4,4348,宮崎奨,57,46,6.79,4,0.19,11,2R,晴,北西,1,1,2021_5_23,1-2-3,1190,1-2-3,740,1-2,280,1-2,250,2021_5_23_11_2R
295,5,5,4956,齊藤大将,28,66,6.74,5,0.19,11,2R,晴,北西,1,1,2021_5_23,1-2-3,1190,1-2-3,740,1-2,280,1-2,250,2021_5_23_11_2R
296,6,6,5023,久永祥平,43,29,6.71,6,0.20,11,2R,晴,北西,1,1,2021_5_23,1-2-3,1190,1-2-3,740,1-2,280,1-2,250,2021_5_23_11_2R
297,1,1,4182,吉田和仁,46,26,6.72,1,0.12,11,3R,晴,南,3,3,2021_5_23,1-2-5,990,1-2-5,490,1-2,190,1-2,170,2021_5_23_11_3R
298,2,2,3907,村越篤,61,41,6.70,2,0.11,11,3R,晴,南,3,3,2021_5_23,1-2-5,990,1-2-5,490,1-2,190,1-2,170,2021_5_23_11_3R
299,3,5,4785,木幡純也,53,64,6.80,5,0.21,11,3R,晴,南,3,3,2021_5_23,1-2-5,990,1-2-5,490,1-2,190,1-2,170,2021_5_23_11_3R
300,4,3,4991,宗行治哉,50,69,6.79,3,0.12,11,3R,晴,南,3,3,2021_5_23,1-2-5,990,1-2-5,490,1-2,190,1-2,170,2021_5_23_11_3R
301,5,4,5060,数原魁,16,18,6.79,4,0.19,11,3R,晴,南,3,3,2021_5_23,1-2-5,990,1-2-5,490,1-2,190,1-2,170,2021_5_23_11_3R
302,6,6,4495,森晋太郎,19,43,6.73,6,0.21,11,3R,晴,南,3,3,2021_5_23,1-2-5,990,1-2-5,490,1-2,190,1-2,170,2021_5_23_11_3R
303,1,1,3910,松下知幸,21,28,6.73,1,0.16,11,4R,晴,北,2,2,2021_5_23,1-4-2,1490,1-2-4,310,1-4,770,1-4,640,2021_5_23_11_4R
304,2,4,5022,伊藤尚汰,47,53,6.62,4,0.17,11,4R,晴,北,2,2,2021_5_23,1-4-2,1490,1-2-4,310,1-4,770,1-4,640,2021_5_23_11_4R
305,3,2,4485,楠原正剛,56,58,6.78,2,0.22,11,4R,晴,北,2,2,2021_5_23,1-4-2,1490,1-2-4,310,1-4,770,1-4,640,2021_5_23_11_4R
306,4,3,3202,三品隆浩,67,68,6.77,3,0.18,11,4R,晴,北,2,2,2021_5_23,1-4-2,1490,1-2-4,310,1-4,770,1-4,640,2021_5_23_11_4R
307,5,5,4431,石塚裕介,41,22,6.78,5,0.18,11,4R,晴,北,2,2,2021_5_23,1-4-2,1490,1-2-4,310,1-4,770,1-4,640,2021_5_23_11_4R
308,6,6,5154,村松栄太,39,50,6.73,6,0.13,11,4R,晴,北,2,2,2021_5_23,1-4-2,1490,1-2-4,310,1-4,770,1-4,640,2021_5_23_11_4R
309,1,1,4340,土性雅也,18,56,6.85,1,0.21,11,5R,晴,北東,4,4,2021_5_23,1-2-3,410,1-2-3,220,1-2,140,1-2,180,2021_5_23_11_5R
310,2,2,3828,明石正之,31,45,6.82,2,0.23,11,5R,晴,北東,4,4,2021_5_23,1-2-3,410,1-2-3,220,1-2,140,1-2,180,2021_5_23_11_5R
311,3,3,3141,山来和人,26,27,6.81,3,0.20,11,5R,晴,北東,4,4,2021_5_23,1-2-3,410,1-2-3,220,1-2,140,1-2,180,2021_5_23_11_5R
312,4,6,5161,登玉隼百,14,39,6.91,6,0.33,11,5R,晴,北東,4,4,2021_5_23,1-2-3,410,1-2-3,220,1-2,140,1-2,180,2021_5_23_11_5R
313,5,5,3553,平池仁志,34,23,6.84,5,0.33,11,5R,晴,北東,4,4,2021_5_23,1-2-3,410,1-2-3,220,1-2,140,1-2,180,2021_5_23_11_5R
314,6,4,4034,西原明生,17,60,6.91,4,0.25,11,5R,晴,北東,4,4,2021_5_23,1-2-3,410,1-2-3,220,1-2,140,1-2,180,2021_5_23_11_5R
315,1,4,5058,前原大道,64,31,6.87,4,0.07,11,6R,晴,北東,5,5,2021_5_23,4-1-2,7280,1-2-4,620,4-1,1950,1-4,260,2021_5_23_11_6R
316,2,1,3885,久田武,35,54,6.83,1,0.16,11,6R,晴,北東,5,5,2021_5_23,4-1-2,7280,1-2-4,620,4-1,1950,1-4,260,2021_5_23_11_6R
317,3,2,2538,高橋二朗,60,15,6.84,2,0.21,11,6R,晴,北東,5,5,2021_5_23,4-1-2,7280,1-2-4,620,4-1,1950,1-4,260,2021_5_23_11_6R
318,4,3,4956,齊藤大将,28,66,6.78,3,0.09,11,6R,晴,北東,5,5,2021_5_23,4-1-2,7280,1-2-4,620,4-1,1950,1-4,260,2021_5_23_11_6R
319,5,5,4706,三浦洋次朗,49,51,6.71,5,0.10,11,6R,晴,北東,5,5,2021_5_23,4-1-2,7280,1-2-4,620,4-1,1950,1-4,260,2021_5_23_11_6R
320,6,6,5170,佐藤太亮,12,35,6.86,6,0.08,11,6R,晴,北東,5,5,2021_5_23,4-1-2,7280,1-2-4,620,4-1,1950,1-4,260,2021_5_23_11_6R
321,1,1,4850,野中一平,44,49,7.02,1,0.10,11,7R,晴,北東,5,5,2021_5_23,1-2-4,380,1-2-4,220,1-2,160,1-2,140,2021_5_23_11_7R
322,2,2,3563,堤昇,20,33,6.91,2,0.12,11,7R,晴,北東,5,5,2021_5_23,1-2-4,380,1-2-4,220,1-2,160,1-2,140,2021_5_23_11_7R
323,3,4,5050,木下雄介,59,57,6.85,4,0.12,11,7R,晴,北東,5,5,2021_5_23,1-2-4,380,1-2-4,220,1-2,160,1-2,140,2021_5_23_11_7R
324,4,3,5060,数原魁,16,18,6.75,3,0.11,11,7R,晴,北東,5,5,2021_5_23,1-2-4,380,1-2-4,220,1-2,160,1-2,140,2021_5_23_11_7R
325,5,5,4495,森晋太郎,19,43,6.88,5,0.19,11,7R,晴,北東,5,5,2021_5_23,1-2-4,380,1-2-4,220,1-2,160,1-2,140,2021_5_23_11_7R
326,6,6,5127,沼田大都,55,36,7.00,6,0.30,11,7R,晴,北東,5,5,2021_5_23,1-2-4,380,1-2-4,220,1-2,160,1-2,140,2021_5_23_11_7R
327,1,4,4991,宗行治哉,50,69,6.95,4,0.17,11,8R,晴,北東,5,7,2021_5_23,4-5-2,9070,2-4-5,2530,4-5,2250,4-5,1470,2021_5_23_11_8R
328,2,5,4485,楠原正剛,56,58,7.05,5,0.17,11,8R,晴,北東,5,7,2021_5_23,4-5-2,9070,2-4-5,2530,4-5,2250,4-5,1470,2021_5_23_11_8R
329,3,2,5023,久永祥平,43,29,7.12,2,0.18,11,8R,晴,北東,5,7,2021_5_23,4-5-2,9070,2-4-5,2530,4-5,2250,4-5,1470,2021_5_23_11_8R
330,4,3,5037,田頭虎親,40,72,7.08,3,0.17,11,8R,晴,北東,5,7,2021_5_23,4-5-2,9070,2-4-5,2530,4-5,2250,4-5,1470,2021_5_23_11_8R
331,5,6,5106,山崎祥,22,32,6.93,6,0.28,11,8R,晴,北東,5,7,2021_5_23,4-5-2,9070,2-4-5,2530,4-5,2250,4-5,1470,2021_5_23_11_8R
332,6,1,3893,汐崎正則,52,17,7.15,1,0.17,11,8R,晴,北東,5,7,2021_5_23,4-5-2,9070,2-4-5,2530,4-5,2250,4-5,1470,2021_5_23_11_8R
333,1,1,4431,石塚裕介,41,22,7.08,1,0.16,11,9R,晴,北東,5,7,2021_5_23,1-2-4,1200,1-2-4,630,1-2,310,1-2,290,2021_5_23_11_9R
334,2,2,4785,木幡純也,53,64,6.96,2,0.18,11,9R,晴,北東,5,7,2021_5_23,1-2-4,1200,1-2-4,630,1-2,310,1-2,290,2021_5_23_11_9R
335,3,4,3202,三品隆浩,67,68,6.93,4,0.18,11,9R,晴,北東,5,7,2021_5_23,1-2-4,1200,1-2-4,630,1-2,310,1-2,290,2021_5_23_11_9R
336,4,5,3752,宇土泰就,25,63,6.91,5,0.18,11,9R,晴,北東,5,7,2021_5_23,1-2-4,1200,1-2-4,630,1-2,310,1-2,290,2021_5_23_11_9R
337,5,3,3294,野中義生,63,19,7.00,3,0.16,11,9R,晴,北東,5,7,2021_5_23,1-2-4,1200,1-2-4,630,1-2,310,1-2,290,2021_5_23_11_9R
338,6,6,3553,平池仁志,34,23,7.07,6,0.29,11,9R,晴,北東,5,7,2021_5_23,1-2-4,1200,1-2-4,630,1-2,310,1-2,290,2021_5_23_11_9R
339,1,1,3907,村越篤,61,41,7.00,1,0.07,11,10R,晴,北,5,7,2021_5_23,1-4-6,8340,1-4-6,3120,1-4,440,1-4,470,2021_5_23_11_10R
340,2,4,3828,明石正之,31,45,6.88,4,0.19,11,10R,晴,北,5,7,2021_5_23,1-4-6,8340,1-4-6,3120,1-4,440,1-4,470,2021_5_23_11_10R
341,3,6,3910,松下知幸,21,28,6.94,6,0.18,11,10R,晴,北,5,7,2021_5_23,1-4-6,8340,1-4-6,3120,1-4,440,1-4,470,2021_5_23_11_10R
342,4,5,3562,山下和彦,23,73,7.06,5,0.18,11,10R,晴,北,5,7,2021_5_23,1-4-6,8340,1-4-6,3120,1-4,440,1-4,470,2021_5_23_11_10R
343,5,2,4850,野中一平,44,49,6.99,2,0.10,11,10R,晴,北,5,7,2021_5_23,1-4-6,8340,1-4-6,3120,1-4,440,1-4,470,2021_5_23_11_10R
344,6,3,4706,三浦洋次朗,49,51,7.07,3,0.12,11,10R,晴,北,5,7,2021_5_23,1-4-6,8340,1-4-6,3120,1-4,440,1-4,470,2021_5_23_11_10R
345,1,1,4348,宮崎奨,57,46,6.90,1,0.17,11,11R,晴,北東,4,6,2021_5_23,1-3-6,4310,1-3-6,2530,1-3,390,1-3,440,2021_5_23_11_11R
346,2,3,3893,汐崎正則,52,17,7.03,3,0.14,11,11R,晴,北東,4,6,2021_5_23,1-3-6,4310,1-3-6,2530,1-3,390,1-3,440,2021_5_23_11_11R
347,3,6,3563,堤昇,20,33,6.96,6,0.19,11,11R,晴,北東,4,6,2021_5_23,1-3-6,4310,1-3-6,2530,1-3,390,1-3,440,2021_5_23_11_11R
348,4,4,3885,久田武,35,54,6.93,4,0.15,11,11R,晴,北東,4,6,2021_5_23,1-3-6,4310,1-3-6,2530,1-3,390,1-3,440,2021_5_23_11_11R
349,5,5,4182,吉田和仁,46,26,6.97,5,0.18,11,11R,晴,北東,4,6,2021_5_23,1-3-6,4310,1-3-6,2530,1-3,390,1-3,440,2021_5_23_11_11R
350,6,2,4340,土性雅也,18,56,6.95,2,0.20,11,11R,晴,北東,4,6,2021_5_23,1-3-6,4310,1-3-6,2530,1-3,390,1-3,440,2021_5_23_11_11R
351,1,2,4080,山崎哲司,29,14,7.02,2,0.09,11,12R,晴,北東,3,4,2021_5_23,2-3-1,19220,1-2-3,680,2-3,11660,2-3,3410,2021_5_23_11_12R
352,2,3,4152,深水慎一郎,27,55,6.89,3,0.10,11,12R,晴,北東,3,4,2021_5_23,2-3-1,19220,1-2-3,680,2-3,11660,2-3,3410,2021_5_23_11_12R
353,3,1,4064,原田篤志,62,20,6.90,1,0.07,11,12R,晴,北東,3,4,2021_5_23,2-3-1,19220,1-2-3,680,2-3,11660,2-3,3410,2021_5_23_11_12R
354,4,5,4682,大上卓人,66,13,6.96,5,0.14,11,12R,晴,北東,3,4,2021_5_23,2-3-1,19220,1-2-3,680,2-3,11660,2-3,3410,2021_5_23_11_12R
355,5,6,4754,松尾充,24,16,6.98,6,0.13,11,12R,晴,北東,3,4,2021_5_23,2-3-1,19220,1-2-3,680,2-3,11660,2-3,3410,2021_5_23_11_12R
356,6,4,4342,谷野錬志,38,40,6.90,4,0.12,11,12R,晴,北東,3,4,2021_5_23,2-3-1,19220,1-2-3,680,2-3,11660,2-3,3410,2021_5_23_11_12R
357,1,5,3220,二橋学,66,27,6.80,4,0.21,10,1R,晴,北西,1,1,2021_5_23,5-1-3,23170,1-3-5,540,5-1,6440,1-5,490,2021_5_23_10_1R
358,2,1,4772,石丸海渡,20,53,6.70,1,0.14,10,1R,晴,北西,1,1,2021_5_23,5-1-3,23170,1-3-5,540,5-1,6440,1-5,490,2021_5_23_10_1R
359,3,3,2014,高塚清一,19,41,6.68,3,0.14,10,1R,晴,北西,1,1,2021_5_23,5-1-3,23170,1-3-5,540,5-1,6440,1-5,490,2021_5_23_10_1R
360,4,6,5136,濱野斗馬,47,23,6.80,6,0.20,10,1R,晴,北西,1,1,2021_5_23,5-1-3,23170,1-3-5,540,5-1,6440,1-5,490,2021_5_23_10_1R
361,5,4,3313,本吉正樹,24,26,6.74,5,0.24,10,1R,晴,北西,1,1,2021_5_23,5-1-3,23170,1-3-5,540,5-1,6440,1-5,490,2021_5_23_10_1R
362,6,2,4465,大西賢,14,19,6.80,2,0.22,10,1R,晴,北西,1,1,2021_5_23,5-1-3,23170,1-3-5,540,5-1,6440,1-5,490,2021_5_23_10_1R
363,1,2,3304,烏野賢太,17,15,6.81,2,0.09,10,2R,曇り,北西,3,2,2021_5_23,2-1-3,1220,1-2-3,240,2-1,590,1-2,160,2021_5_23_10_2R
364,2,1,4452,松尾祭,59,52,6.74,1,0.03,10,2R,曇り,北西,3,2,2021_5_23,2-1-3,1220,1-2-3,240,2-1,590,1-2,160,2021_5_23_10_2R
365,3,3,3723,白井弘文,38,67,6.73,3,0.11,10,2R,曇り,北西,3,2,2021_5_23,2-1-3,1220,1-2-3,240,2-1,590,1-2,160,2021_5_23_10_2R
366,4,4,5016,宮田龍馬,33,60,6.72,4,0.07,10,2R,曇り,北西,3,2,2021_5_23,2-1-3,1220,1-2-3,240,2-1,590,1-2,160,2021_5_23_10_2R
367,5,6,5085,中村栄治,11,42,6.78,6,0.09,10,2R,曇り,北西,3,2,2021_5_23,2-1-3,1220,1-2-3,240,2-1,590,1-2,160,2021_5_23_10_2R
368,6,5,3234,金森史吉,27,56,6.81,5,0.09,10,2R,曇り,北西,3,2,2021_5_23,2-1-3,1220,1-2-3,240,2-1,590,1-2,160,2021_5_23_10_2R
369,1,1,4907,小池修平,50,25,6.68,1,0.08,10,3R,曇り,北西,1,1,2021_5_23,1-2-3,470,1-2-3,180,1-2,290,1-2,210,2021_5_23_10_3R
370,2,2,3714,梶原正,55,37,6.75,2,0.12,10,3R,曇り,北西,1,1,2021_5_23,1-2-3,470,1-2-3,180,1-2,290,1-2,210,2021_5_23_10_3R
371,3,3,3921,川村正輝,58,58,6.83,3,0.19,10,3R,曇り,北西,1,1,2021_5_23,1-2-3,470,1-2-3,180,1-2,290,1-2,210,2021_5_23_10_3R
372,4,4,3212,亀本勇樹,62,13,6.88,4,0.18,10,3R,曇り,北西,1,1,2021_5_23,1-2-3,470,1-2-3,180,1-2,290,1-2,210,2021_5_23_10_3R
373,5,6,5011,高木圭大,25,49,6.80,6,0.14,10,3R,曇り,北西,1,1,2021_5_23,1-2-3,470,1-2-3,180,1-2,290,1-2,210,2021_5_23_10_3R
374,6,5,2912,尾崎鉄也,23,45,6.82,5,0.15,10,3R,曇り,北西,1,1,2021_5_23,1-2-3,470,1-2-3,180,1-2,290,1-2,210,2021_5_23_10_3R
375,1,1,3350,藤本佳史,61,12,6.72,1,0.08,10,4R,曇り,西,2,2,2021_5_23,1-5-3,3620,1-3-5,1390,1-5,490,1-5,420,2021_5_23_10_4R
376,2,5,3814,金子貴志,44,40,6.72,6,0.29,10,4R,曇り,西,2,2,2021_5_23,1-5-3,3620,1-3-5,1390,1-5,490,1-5,420,2021_5_23_10_4R
377,3,3,5141,大澤風葵,64,29,6.78,3,0.13,10,4R,曇り,西,2,2,2021_5_23,1-5-3,3620,1-3-5,1390,1-5,490,1-5,420,2021_5_23_10_4R
378,4,4,4914,吉田裕平,39,24,6.74,5,0.21,10,4R,曇り,西,2,2,2021_5_23,1-5-3,3620,1-3-5,1390,1-5,490,1-5,420,2021_5_23_10_4R
379,5,6,4888,金児隆太,54,31,6.72,4,0.29,10,4R,曇り,西,2,2,2021_5_23,1-5-3,3620,1-3-5,1390,1-5,490,1-5,420,2021_5_23_10_4R
380,6,2,5104,山田丈,32,48,6.63,2,0.10,10,4R,曇り,西,2,2,2021_5_23,1-5-3,3620,1-3-5,1390,1-5,490,1-5,420,2021_5_23_10_4R
381,1,2,4840,鈴木秀茉,53,11,6.76,2,0.14,10,5R,曇り,西,1,1,2021_5_23,2-3-1,5020,1-2-3,360,2-3,2210,2-3,560,2021_5_23_10_5R
382,2,3,4584,村岡賢人,41,28,6.67,3,0.16,10,5R,曇り,西,1,1,2021_5_23,2-3-1,5020,1-2-3,360,2-3,2210,2-3,560,2021_5_23_10_5R
383,3,1,4976,金山立樹,65,70,6.75,1,0.12,10,5R,曇り,西,1,1,2021_5_23,2-3-1,5020,1-2-3,360,2-3,2210,2-3,560,2021_5_23_10_5R
384,4,5,3419,栗原謙治,30,62,6.84,5,0.14,10,5R,曇り,西,1,1,2021_5_23,2-3-1,5020,1-2-3,360,2-3,2210,2-3,560,2021_5_23_10_5R
385,5,6,2014,高塚清一,19,41,6.81,6,0.17,10,5R,曇り,西,1,1,2021_5_23,2-3-1,5020,1-2-3,360,2-3,2210,2-3,560,2021_5_23_10_5R
386,6,4,5103,芝田京介,42,43,6.77,4,0.07,10,5R,曇り,西,1,1,2021_5_23,2-3-1,5020,1-2-3,360,2-3,2210,2-3,560,2021_5_23_10_5R
387,1,1,4855,江頭賢太,18,34,6.69,1,0.22,10,6R,晴,南,1,1,2021_5_23,1-2-3,1760,1-2-3,480,1-2,910,1-2,480,2021_5_23_10_6R
388,2,2,3834,細川明人,63,30,6.78,2,0.15,10,6R,晴,南,1,1,2021_5_23,1-2-3,1760,1-2-3,480,1-2,910,1-2,480,2021_5_23_10_6R
389,3,3,3409,三好一,51,61,6.67,3,0.12,10,6R,晴,南,1,1,2021_5_23,1-2-3,1760,1-2-3,480,1-2,910,1-2,480,2021_5_23_10_6R
390,4,4,3436,柏野幸二,13,63,6.80,4,0.11,10,6R,晴,南,1,1,2021_5_23,1-2-3,1760,1-2-3,480,1-2,910,1-2,480,2021_5_23_10_6R
391,5,6,4407,鹿島敏弘,36,66,6.74,6,0.31,10,6R,晴,南,1,1,2021_5_23,1-2-3,1760,1-2-3,480,1-2,910,1-2,480,2021_5_23_10_6R
392,6,5,5136,濱野斗馬,47,23,6.75,5,0.23,10,6R,晴,南,1,1,2021_5_23,1-2-3,1760,1-2-3,480,1-2,910,1-2,480,2021_5_23_10_6R
393,1,1,3313,本吉正樹,24,26,6.67,1,0.08,10,7R,晴,西,2,2,2021_5_23,1-5-6,8250,1-5-6,3220,1-5,2530,1-5,3390,2021_5_23_10_7R
394,2,5,5047,國分将太郎,70,69,6.68,6,0.13,10,7R,晴,西,2,2,2021_5_23,1-5-6,8250,1-5-6,3220,1-5,2530,1-5,3390,2021_5_23_10_7R
395,3,6,4587,木田峰由季,52,39,6.78,4,0.25,10,7R,晴,西,2,2,2021_5_23,1-5-6,8250,1-5-6,3220,1-5,2530,1-5,3390,2021_5_23_10_7R
396,4,3,4907,小池修平,50,25,6.69,3,0.11,10,7R,晴,西,2,2,2021_5_23,1-5-6,8250,1-5-6,3220,1-5,2530,1-5,3390,2021_5_23_10_7R
397,5,2,5016,宮田龍馬,33,60,6.67,2,0.07,10,7R,晴,西,2,2,2021_5_23,1-5-6,8250,1-5-6,3220,1-5,2530,1-5,3390,2021_5_23_10_7R
398,6,4,3477,近藤稔也,48,35,6.73,5,0.26,10,7R,晴,西,2,2,2021_5_23,1-5-6,8250,1-5-6,3220,1-5,2530,1-5,3390,2021_5_23_10_7R
399,1,1,3714,梶原正,55,37,6.71,1,0.21,10,8R,晴,西,4,4,2021_5_23,1-4-5,4460,1-4-5,1930,1-4,1130,1-4,1300,2021_5_23_10_8R
400,2,4,3353,前田光昭,35,59,6.85,4,0.21,10,8R,晴,西,4,4,2021_5_23,1-4-5,4460,1-4-5,1930,1-4,1130,1-4,1300,2021_5_23_10_8R
401,3,5,4452,松尾祭,59,52,6.73,5,0.23,10,8R,晴,西,4,4,2021_5_23,1-4-5,4460,1-4-5,1930,1-4,1130,1-4,1300,2021_5_23_10_8R
402,4,6,4914,吉田裕平,39,24,6.79,6,0.22,10,8R,晴,西,4,4,2021_5_23,1-4-5,4460,1-4-5,1930,1-4,1130,1-4,1300,2021_5_23_10_8R
403,5,2,4896,花本剛,12,17,6.78,2,0.21,10,8R,晴,西,4,4,2021_5_23,1-4-5,4460,1-4-5,1930,1-4,1130,1-4,1300,2021_5_23_10_8R
404,6,3,3220,二橋学,66,27,6.78,3,0.22,10,8R,晴,西,4,4,2021_5_23,1-4-5,4460,1-4-5,1930,1-4,1130,1-4,1300,2021_5_23_10_8R
405,1,1,3234,金森史吉,27,56,6.77,1,0.11,10,9R,晴,西,3,3,2021_5_23,1-4-3,2400,1-3-4,950,1-4,460,1-4,330,2021_5_23_10_9R
406,2,4,4772,石丸海渡,20,53,6.82,4,0.11,10,9R,晴,西,3,3,2021_5_23,1-4-3,2400,1-3-4,950,1-4,460,1-4,330,2021_5_23_10_9R
407,3,3,5104,山田丈,32,48,6.83,3,0.13,10,9R,晴,西,3,3,2021_5_23,1-4-3,2400,1-3-4,950,1-4,460,1-4,330,2021_5_23_10_9R
408,4,2,3243,佐野隆仁,21,21,6.78,2,0.14,10,9R,晴,西,3,3,2021_5_23,1-4-3,2400,1-3-4,950,1-4,460,1-4,330,2021_5_23_10_9R
409,5,5,3921,川村正輝,58,58,6.88,5,0.19,10,9R,晴,西,3,3,2021_5_23,1-4-3,2400,1-3-4,950,1-4,460,1-4,330,2021_5_23_10_9R
410,6,6,5103,芝田京介,42,43,6.82,6,0.15,10,9R,晴,西,3,3,2021_5_23,1-4-3,2400,1-3-4,950,1-4,460,1-4,330,2021_5_23_10_9R
411,1,1,2912,尾崎鉄也,23,45,6.78,1,0.09,10,10R,晴,南西,2,1,2021_5_23,1-2-6,990,1-2-6,210,1-2,550,1-2,320,2021_5_23_10_10R
412,2,2,3350,藤本佳史,61,12,6.78,2,0.10,10,10R,晴,南西,2,1,2021_5_23,1-2-6,990,1-2-6,210,1-2,550,1-2,320,2021_5_23_10_10R
413,3,6,3436,柏野幸二,13,63,6.80,3,0.12,10,10R,晴,南西,2,1,2021_5_23,1-2-6,990,1-2-6,210,1-2,550,1-2,320,2021_5_23_10_10R
414,4,4,4840,鈴木秀茉,53,11,6.71,5,0.20,10,10R,晴,南西,2,1,2021_5_23,1-2-6,990,1-2-6,210,1-2,550,1-2,320,2021_5_23_10_10R
415,5,3,5085,中村栄治,11,42,6.73,4,0.15,10,10R,晴,南西,2,1,2021_5_23,1-2-6,990,1-2-6,210,1-2,550,1-2,320,2021_5_23_10_10R
416,6,5,4465,大西賢,14,19,6.74,6,0.28,10,10R,晴,南西,2,1,2021_5_23,1-2-6,990,1-2-6,210,1-2,550,1-2,320,2021_5_23_10_10R
417,1,5,4584,村岡賢人,41,28,6.61,5,0.12,10,11R,晴,西,2,1,2021_5_23,5-1-4,4630,1-4-5,850,5-1,770,1-5,170,2021_5_23_10_11R
418,2,1,4570,前田聖文,34,22,6.80,1,0.06,10,11R,晴,西,2,1,2021_5_23,5-1-4,4630,1-4-5,850,5-1,770,1-5,170,2021_5_23_10_11R
419,3,4,3723,白井弘文,38,67,6.71,4,0.11,10,11R,晴,西,2,1,2021_5_23,5-1-4,4630,1-4-5,850,5-1,770,1-5,170,2021_5_23_10_11R
420,4,6,3409,三好一,51,61,6.77,6,0.13,10,11R,晴,西,2,1,2021_5_23,5-1-4,4630,1-4-5,850,5-1,770,1-5,170,2021_5_23_10_11R
421,5,2,5141,大澤風葵,64,29,6.70,2,0.07,10,11R,晴,西,2,1,2021_5_23,5-1-4,4630,1-4-5,850,5-1,770,1-5,170,2021_5_23_10_11R
422,6,3,3212,亀本勇樹,62,13,6.84,3,0.14,10,11R,晴,西,2,1,2021_5_23,5-1-4,4630,1-4-5,850,5-1,770,1-5,170,2021_5_23_10_11R
423,1,2,3814,金子貴志,44,40,6.66,2,0.24,10,12R,晴,西,1,1,2021_5_23,2-1-4,1120,1-2-4,160,2-1,630,1-2,190,2021_5_23_10_12R
424,2,1,3304,烏野賢太,17,15,6.74,1,0.28,10,12R,晴,西,1,1,2021_5_23,2-1-4,1120,1-2-4,160,2-1,630,1-2,190,2021_5_23_10_12R
425,3,4,3834,細川明人,63,30,6.71,4,0.28,10,12R,晴,西,1,1,2021_5_23,2-1-4,1120,1-2-4,160,2-1,630,1-2,190,2021_5_23_10_12R
426,4,6,4896,花本剛,12,17,6.72,6,0.43,10,12R,晴,西,1,1,2021_5_23,2-1-4,1120,1-2-4,160,2-1,630,1-2,190,2021_5_23_10_12R
427,5,3,5011,高木圭大,25,49,6.69,3,0.19,10,12R,晴,西,1,1,2021_5_23,2-1-4,1120,1-2-4,160,2-1,630,1-2,190,2021_5_23_10_12R
428,6,5,4976,金山立樹,65,70,6.76,5,0.37,10,12R,晴,西,1,1,2021_5_23,2-1-4,1120,1-2-4,160,2-1,630,1-2,190,2021_5_23_10_12R
429,1,1,4207,松下一也,70,72,6.66,1,0.19,09,1R,晴,西,4,2,2021_5_23,1-6-2,900,1-2-6,370,1-6,280,1-6,230,2021_5_23_09_1R
430,2,6,4150,山田雄太,69,17,6.66,5,0.12,09,1R,晴,西,4,2,2021_5_23,1-6-2,900,1-2-6,370,1-6,280,1-6,230,2021_5_23_09_1R
431,3,2,4169,多田有佑,12,63,6.72,2,0.21,09,1R,晴,西,4,2,2021_5_23,1-6-2,900,1-2-6,370,1-6,280,1-6,230,2021_5_23_09_1R
432,4,5,4181,花本夏樹,52,62,6.85,4,0.21,09,1R,晴,西,4,2,2021_5_23,1-6-2,900,1-2-6,370,1-6,280,1-6,230,2021_5_23_09_1R
433,5,4,5183,中野孝二,51,23,6.73,6,0.07,09,1R,晴,西,4,2,2021_5_23,1-6-2,900,1-2-6,370,1-6,280,1-6,230,2021_5_23_09_1R
434,6,3,4660,宇田川信一,28,65,6.74,3,0.16,09,1R,晴,西,4,2,2021_5_23,1-6-2,900,1-2-6,370,1-6,280,1-6,230,2021_5_23_09_1R
435,1,1,3776,横井健太,15,61,6.69,1,0.22,09,2R,晴,西,3,2,2021_5_23,1-3-2,1190,1-2-3,340,1-3,490,1-3,280,2021_5_23_09_2R
436,2,3,4632,長尾京志郎,43,67,6.74,3,0.23,09,2R,晴,西,3,2,2021_5_23,1-3-2,1190,1-2-3,340,1-3,490,1-3,280,2021_5_23_09_2R
437,3,2,3705,濱田隆浩,41,48,6.78,2,0.25,09,2R,晴,西,3,2,2021_5_23,1-3-2,1190,1-2-3,340,1-3,490,1-3,280,2021_5_23_09_2R
438,4,6,3857,阿波勝哉,68,14,6.66,6,0.23,09,2R,晴,西,3,2,2021_5_23,1-3-2,1190,1-2-3,340,1-3,490,1-3,280,2021_5_23_09_2R
439,5,5,3977,山本兼士,48,15,6.68,5,0.22,09,2R,晴,西,3,2,2021_5_23,1-3-2,1190,1-2-3,340,1-3,490,1-3,280,2021_5_23_09_2R
440,6,4,5080,鈴木慶太,30,33,6.72,4,0.23,09,2R,晴,西,3,2,2021_5_23,1-3-2,1190,1-2-3,340,1-3,490,1-3,280,2021_5_23_09_2R
441,1,4,4518,大須賀友,35,44,6.69,4,0.17,09,3R,晴,西,3,2,2021_5_23,4-1-2,6960,1-2-4,730,4-1,2190,1-4,400,2021_5_23_09_3R
442,2,1,4491,田中堅,27,75,6.74,1,0.14,09,3R,晴,西,3,2,2021_5_23,4-1-2,6960,1-2-4,730,4-1,2190,1-4,400,2021_5_23_09_3R
443,3,2,4388,是澤孝宏,49,31,6.73,2,0.15,09,3R,晴,西,3,2,2021_5_23,4-1-2,6960,1-2-4,730,4-1,2190,1-4,400,2021_5_23_09_3R
444,4,5,4826,井上一輝,54,28,6.71,5,0.18,09,3R,晴,西,3,2,2021_5_23,4-1-2,6960,1-2-4,730,4-1,2190,1-4,400,2021_5_23_09_3R
445,5,3,4358,松本庸平,63,38,6.77,3,0.23,09,3R,晴,西,3,2,2021_5_23,4-1-2,6960,1-2-4,730,4-1,2190,1-4,400,2021_5_23_09_3R
446,6,6,3697,勝野竜司,29,20,6.75,6,0.21,09,3R,晴,西,3,2,2021_5_23,4-1-2,6960,1-2-4,730,4-1,2190,1-4,400,2021_5_23_09_3R
447,1,2,4245,高橋直哉,73,64,6.67,2,0.24,09,4R,晴,西,2,1,2021_5_23,2-3-5,9370,2-3-5,2120,2-3,3280,2-3,2040,2021_5_23_09_4R
448,2,3,4549,小林文彦,61,52,6.76,3,0.27,09,4R,晴,西,2,1,2021_5_23,2-3-5,9370,2-3-5,2120,2-3,3280,2-3,2040,2021_5_23_09_4R
449,3,5,4311,岡村仁,38,32,6.70,5,0.19,09,4R,晴,西,2,1,2021_5_23,2-3-5,9370,2-3-5,2120,2-3,3280,2-3,2040,2021_5_23_09_4R
450,4,4,3915,繁野谷圭介,47,45,6.76,4,0.21,09,4R,晴,西,2,1,2021_5_23,2-3-5,9370,2-3-5,2120,2-3,3280,2-3,2040,2021_5_23_09_4R
451,5,6,3569,増田進,65,22,6.73,6,0.26,09,4R,晴,西,2,1,2021_5_23,2-3-5,9370,2-3-5,2120,2-3,3280,2-3,2040,2021_5_23_09_4R
452,6,1,3658,阪本聖秀,24,27,6.69,1,0.24,09,4R,晴,西,2,1,2021_5_23,2-3-5,9370,2-3-5,2120,2-3,3280,2-3,2040,2021_5_23_09_4R
453,1,6,4463,三苫晃幸,14,25,6.70,5,0.07,09,5R,晴,西,2,1,2021_5_23,6-2-3,3050,2-3-6,260,6-2,1980,2-6,610,2021_5_23_09_5R
454,2,2,5055,眞鳥章太,39,58,6.78,2,0.29,09,5R,晴,西,2,1,2021_5_23,6-2-3,3050,2-3-6,260,6-2,1980,2-6,610,2021_5_23_09_5R
455,3,3,4498,宮本夏樹,34,69,6.75,3,0.13,09,5R,晴,西,2,1,2021_5_23,6-2-3,3050,2-3-6,260,6-2,1980,2-6,610,2021_5_23_09_5R
456,4,4,3839,川合理司,33,54,6.84,4,0.02,09,5R,晴,西,2,1,2021_5_23,6-2-3,3050,2-3-6,260,6-2,1980,2-6,610,2021_5_23_09_5R
457,5,5,5175,島崎丈一朗,31,34,6.87,6,0.02,09,5R,晴,西,2,1,2021_5_23,6-2-3,3050,2-3-6,260,6-2,1980,2-6,610,2021_5_23_09_5R
458,1,6,4044,湯川浩司,20,11,6.75,4,0.04,09,6R,晴,北西,3,2,2021_5_23,6-4-3,860,3-4-6,330,6-4,310,4-6,360,2021_5_23_09_6R
459,2,4,3577,向所浩二,50,19,6.74,3,0.09,09,6R,晴,北西,3,2,2021_5_23,6-4-3,860,3-4-6,330,6-4,310,4-6,360,2021_5_23_09_6R
460,3,3,3977,山本兼士,48,15,6.73,5,0.02,09,6R,晴,北西,3,2,2021_5_23,6-4-3,860,3-4-6,330,6-4,310,4-6,360,2021_5_23_09_6R
461,4,1,3336,遠藤晃司,26,37,6.83,1,0.21,09,6R,晴,北西,3,2,2021_5_23,6-4-3,860,3-4-6,330,6-4,310,4-6,360,2021_5_23_09_6R
462,5,2,5076,石原光,71,66,6.80,2,0.16,09,6R,晴,北西,3,2,2021_5_23,6-4-3,860,3-4-6,330,6-4,310,4-6,360,2021_5_23_09_6R
463,1,2,4136,江夏満,56,16,6.73,2,0.26,09,7R,晴,北西,3,2,2021_5_23,2-1-3,770,1-2-3,260,2-1,500,1-2,190,2021_5_23_09_7R
464,2,1,3432,宮迫暢彦,36,43,6.72,1,0.24,09,7R,晴,北西,3,2,2021_5_23,2-1-3,770,1-2-3,260,2-1,500,1-2,190,2021_5_23_09_7R
465,3,3,3965,北中元樹,58,76,6.83,3,0.27,09,7R,晴,北西,3,2,2021_5_23,2-1-3,770,1-2-3,260,2-1,500,1-2,190,2021_5_23_09_7R
466,4,5,3857,阿波勝哉,68,14,6.64,6,0.34,09,7R,晴,北西,3,2,2021_5_23,2-1-3,770,1-2-3,260,2-1,500,1-2,190,2021_5_23_09_7R
467,5,6,3497,後藤浩,62,13,6.73,5,0.21,09,7R,晴,北西,3,2,2021_5_23,2-1-3,770,1-2-3,260,2-1,500,1-2,190,2021_5_23_09_7R
468,6,4,4181,花本夏樹,52,62,6.86,4,0.27,09,7R,晴,北西,3,2,2021_5_23,2-1-3,770,1-2-3,260,2-1,500,1-2,190,2021_5_23_09_7R
469,1,4,4261,岡祐臣,19,74,6.75,4,0.20,09,8R,晴,北西,4,2,2021_5_23,4-3-5,9550,3-4-5,3490,4-3,1430,3-4,680,2021_5_23_09_8R
470,2,3,3697,勝野竜司,29,20,6.83,3,0.19,09,8R,晴,北西,4,2,2021_5_23,4-3-5,9550,3-4-5,3490,4-3,1430,3-4,680,2021_5_23_09_8R
471,3,5,4660,宇田川信一,28,65,6.71,5,0.28,09,8R,晴,北西,4,2,2021_5_23,4-3-5,9550,3-4-5,3490,4-3,1430,3-4,680,2021_5_23_09_8R
472,4,6,3690,河合三弘,67,60,6.70,6,0.27,09,8R,晴,北西,4,2,2021_5_23,4-3-5,9550,3-4-5,3490,4-3,1430,3-4,680,2021_5_23_09_8R
473,5,1,3705,濱田隆浩,41,48,6.79,1,0.32,09,8R,晴,北西,4,2,2021_5_23,4-3-5,9550,3-4-5,3490,4-3,1430,3-4,680,2021_5_23_09_8R
474,6,2,3658,阪本聖秀,24,27,6.70,2,0.29,09,8R,晴,北西,4,2,2021_5_23,4-3-5,9550,3-4-5,3490,4-3,1430,3-4,680,2021_5_23_09_8R
475,1,4,4388,是澤孝宏,49,31,6.78,4,0.09,09,9R,晴,北西,5,3,2021_5_23,4-5-6,38420,4-5-6,13490,4-5,3630,4-5,4460,2021_5_23_09_9R
476,2,5,5055,眞鳥章太,39,58,6.78,5,0.34,09,9R,晴,北西,5,3,2021_5_23,4-5-6,38420,4-5-6,13490,4-5,3630,4-5,4460,2021_5_23_09_9R
477,3,6,5080,鈴木慶太,30,33,6.70,6,0.17,09,9R,晴,北西,5,3,2021_5_23,4-5-6,38420,4-5-6,13490,4-5,3630,4-5,4460,2021_5_23_09_9R
478,4,2,3842,星野太郎,37,68,6.78,2,0.20,09,9R,晴,北西,5,3,2021_5_23,4-5-6,38420,4-5-6,13490,4-5,3630,4-5,4460,2021_5_23_09_9R
479,5,3,4207,松下一也,70,72,6.76,3,0.18,09,9R,晴,北西,5,3,2021_5_23,4-5-6,38420,4-5-6,13490,4-5,3630,4-5,4460,2021_5_23_09_9R
480,6,1,4037,別府正幸,66,35,6.80,1,0.26,09,9R,晴,北西,5,3,2021_5_23,4-5-6,38420,4-5-6,13490,4-5,3630,4-5,4460,2021_5_23_09_9R
481,1,1,4826,井上一輝,54,28,6.72,1,0.11,09,10R,晴,西,4,2,2021_5_23,1-3-2,3480,1-2-3,1690,1-3,300,1-3,200,2021_5_23_09_10R
482,2,3,4049,荒川健太,16,71,6.80,3,0.19,09,10R,晴,西,4,2,2021_5_23,1-3-2,3480,1-2-3,1690,1-3,300,1-3,200,2021_5_23_09_10R
483,3,2,3448,高山秀雄,72,51,6.79,2,0.16,09,10R,晴,西,4,2,2021_5_23,1-3-2,3480,1-2-3,1690,1-3,300,1-3,200,2021_5_23_09_10R
484,4,5,3687,花田和明,17,39,6.82,4,0.15,09,10R,晴,西,4,2,2021_5_23,1-3-2,3480,1-2-3,1690,1-3,300,1-3,200,2021_5_23_09_10R
485,5,4,4150,山田雄太,69,17,6.67,5,0.20,09,10R,晴,西,4,2,2021_5_23,1-3-2,3480,1-2-3,1690,1-3,300,1-3,200,2021_5_23_09_10R
486,6,6,4311,岡村仁,38,32,6.72,6,0.24,09,10R,晴,西,4,2,2021_5_23,1-3-2,3480,1-2-3,1690,1-3,300,1-3,200,2021_5_23_09_10R
487,1,3,4044,湯川浩司,20,11,6.70,3,0.23,09,11R,晴,西,4,2,2021_5_23,3-5-1,2070,1-3-5,440,3-5,630,3-5,960,2021_5_23_09_11R
488,2,5,4245,高橋直哉,73,64,6.69,5,0.21,09,11R,晴,西,4,2,2021_5_23,3-5-1,2070,1-3-5,440,3-5,630,3-5,960,2021_5_23_09_11R
489,3,1,3965,北中元樹,58,76,6.83,1,0.26,09,11R,晴,西,4,2,2021_5_23,3-5-1,2070,1-3-5,440,3-5,630,3-5,960,2021_5_23_09_11R
490,4,6,4252,松下哲也,23,50,6.71,6,0.24,09,11R,晴,西,4,2,2021_5_23,3-5-1,2070,1-3-5,440,3-5,630,3-5,960,2021_5_23_09_11R
491,5,2,4463,三苫晃幸,14,25,6.75,2,0.30,09,11R,晴,西,4,2,2021_5_23,3-5-1,2070,1-3-5,440,3-5,630,3-5,960,2021_5_23_09_11R
492,6,4,4358,松本庸平,63,38,6.78,4,0.25,09,11R,晴,西,4,2,2021_5_23,3-5-1,2070,1-3-5,440,3-5,630,3-5,960,2021_5_23_09_11R
493,1,1,4261,岡祐臣,19,74,6.75,1,0.21,09,12R,晴,西,4,2,2021_5_23,1-4-2,750,1-2-4,260,1-4,410,1-4,340,2021_5_23_09_12R
494,2,4,4136,江夏満,56,16,6.77,4,0.20,09,12R,晴,西,4,2,2021_5_23,1-4-2,750,1-2-4,260,1-4,410,1-4,340,2021_5_23_09_12R
495,3,2,3577,向所浩二,50,19,6.76,2,0.20,09,12R,晴,西,4,2,2021_5_23,1-4-2,750,1-2-4,260,1-4,410,1-4,340,2021_5_23_09_12R
496,4,6,4518,大須賀友,35,44,6.68,6,0.23,09,12R,晴,西,4,2,2021_5_23,1-4-2,750,1-2-4,260,1-4,410,1-4,340,2021_5_23_09_12R
497,5,3,3915,繁野谷圭介,47,45,6.86,3,0.23,09,12R,晴,西,4,2,2021_5_23,1-4-2,750,1-2-4,260,1-4,410,1-4,340,2021_5_23_09_12R
498,6,5,4498,宮本夏樹,34,69,6.77,5,0.22,09,12R,晴,西,4,2,2021_5_23,1-4-2,750,1-2-4,260,1-4,410,1-4,340,2021_5_23_09_12R
499,1,1,4270,岸本雄貴,33,26,6.77,1,0.27,08,1R,晴,西,3,2,2021_5_23,1-4-3,1450,1-3-4,470,1-4,600,1-4,520,2021_5_23_08_1R
500,2,4,3075,中村裕将,21,31,6.82,4,0.12,08,1R,晴,西,3,2,2021_5_23,1-4-3,1450,1-3-4,470,1-4,600,1-4,520,2021_5_23_08_1R
501,3,3,4588,田中京介,16,47,6.78,3,0.14,08,1R,晴,西,3,2,2021_5_23,1-4-3,1450,1-3-4,470,1-4,600,1-4,520,2021_5_23_08_1R
502,4,6,5084,末永和也,26,18,6.74,6,0.19,08,1R,晴,西,3,2,2021_5_23,1-4-3,1450,1-3-4,470,1-4,600,1-4,520,2021_5_23_08_1R
503,5,2,4834,浜本裕己,17,23,6.80,2,0.19,08,1R,晴,西,3,2,2021_5_23,1-4-3,1450,1-3-4,470,1-4,600,1-4,520,2021_5_23_08_1R
504,6,5,4957,竹之内極,57,50,6.73,5,0.20,08,1R,晴,西,3,2,2021_5_23,1-4-3,1450,1-3-4,470,1-4,600,1-4,520,2021_5_23_08_1R
505,1,2,3747,國崎良春,58,33,6.77,2,0.25,08,2R,晴,北西,4,3,2021_5_23,2-5-1,15070,1-2-5,660,2-5,4340,2-5,2890,2021_5_23_08_2R
506,2,5,3880,浅見宗孝,20,42,6.79,5,0.27,08,2R,晴,北西,4,3,2021_5_23,2-5-1,15070,1-2-5,660,2-5,4340,2-5,2890,2021_5_23_08_2R
507,3,1,3455,谷本幸司,28,52,6.75,1,0.37,08,2R,晴,北西,4,3,2021_5_23,2-5-1,15070,1-2-5,660,2-5,4340,2-5,2890,2021_5_23_08_2R
508,4,6,4199,北川潤二,37,60,6.76,6,0.25,08,2R,晴,北西,4,3,2021_5_23,2-5-1,15070,1-2-5,660,2-5,4340,2-5,2890,2021_5_23_08_2R
509,5,4,3614,谷勝幸,14,27,6.74,4,0.33,08,2R,晴,北西,4,3,2021_5_23,2-5-1,15070,1-2-5,660,2-5,4340,2-5,2890,2021_5_23_08_2R
510,6,3,4285,伴将典,30,11,6.76,3,0.27,08,2R,晴,北西,4,3,2021_5_23,2-5-1,15070,1-2-5,660,2-5,4340,2-5,2890,2021_5_23_08_2R
511,1,1,3903,白石健,32,46,6.78,1,0.09,08,3R,晴,北西,4,3,2021_5_23,1-5-3,930,1-3-5,320,1-5,550,1-5,490,2021_5_23_08_3R
512,2,5,5028,原田才一郎,25,72,6.76,5,0.09,08,3R,晴,北西,4,3,2021_5_23,1-5-3,930,1-3-5,320,1-5,550,1-5,490,2021_5_23_08_3R
513,3,3,3546,中里昌志 ,1,43,6.76,3,0.15,08,3R,晴,北西,4,3,2021_5_23,1-5-3,930,1-3-5,320,1-5,550,1-5,490,2021_5_23_08_3R
514,4,4,4209,藤田竜弘,22,54,6.77,4,0.11,08,3R,晴,北西,4,3,2021_5_23,1-5-3,930,1-3-5,320,1-5,550,1-5,490,2021_5_23_08_3R
515,5,6,4943,八木治樹 ,7,38,6.74,6,0.06,08,3R,晴,北西,4,3,2021_5_23,1-5-3,930,1-3-5,320,1-5,550,1-5,490,2021_5_23_08_3R
516,6,2,2903,山崎毅,41,68,6.78,2,0.19,08,3R,晴,北西,4,3,2021_5_23,1-5-3,930,1-3-5,320,1-5,550,1-5,490,2021_5_23_08_3R
517,1,1,3740,大澤普司,55,28,6.77,1,0.18,08,4R,晴,北西,4,3,2021_5_23,1-4-2,4010,1-2-4,940,1-4,1760,1-4,1270,2021_5_23_08_4R
518,2,4,3445,加藤高史,46,58,6.82,5,0.28,08,4R,晴,北西,4,3,2021_5_23,1-4-2,4010,1-2-4,940,1-4,1760,1-4,1270,2021_5_23_08_4R
519,3,2,4796,春園功太,52,74,6.74,3,0.19,08,4R,晴,北西,4,3,2021_5_23,1-4-2,4010,1-2-4,940,1-4,1760,1-4,1270,2021_5_23_08_4R
520,1,1,3909,佐々木康幸,39,35,6.80,1,0.11,08,5R,晴,北西,3,2,2021_5_23,1-3-6,2860,1-3-6,1090,1-3,810,1-3,730,2021_5_23_08_5R
521,2,3,4669,井上茂,34,55,6.72,3,0.11,08,5R,晴,北西,3,2,2021_5_23,1-3-6,2860,1-3-6,1090,1-3,810,1-3,730,2021_5_23_08_5R
522,3,6,3888,山本英志 ,8,69,6.74,6,0.04,08,5R,晴,北西,3,2,2021_5_23,1-3-6,2860,1-3-6,1090,1-3,810,1-3,730,2021_5_23_08_5R
523,4,4,4588,田中京介,16,47,6.75,4,0.08,08,5R,晴,北西,3,2,2021_5_23,1-3-6,2860,1-3-6,1090,1-3,810,1-3,730,2021_5_23_08_5R
524,5,2,4539,金子賢志 ,2,44,6.69,2,0.13,08,5R,晴,北西,3,2,2021_5_23,1-3-6,2860,1-3-6,1090,1-3,810,1-3,730,2021_5_23_08_5R
525,6,5,4834,浜本裕己,17,23,6.80,5,0.06,08,5R,晴,北西,3,2,2021_5_23,1-3-6,2860,1-3-6,1090,1-3,810,1-3,730,2021_5_23_08_5R
526,1,1,3737,上平真二,23,63,6.76,1,0.12,08,6R,晴,北西,3,2,2021_5_23,1-6-5,5500,1-5-6,1890,1-6,910,1-6,910,2021_5_23_08_6R
527,2,6,4435,服部達哉,24,14,6.71,6,0.10,08,6R,晴,北西,3,2,2021_5_23,1-6-5,5500,1-5-6,1890,1-6,910,1-6,910,2021_5_23_08_6R
528,3,5,5084,末永和也,26,18,6.75,5,0.11,08,6R,晴,北西,3,2,2021_5_23,1-6-5,5500,1-5-6,1890,1-6,910,1-6,910,2021_5_23_08_6R
529,4,2,3422,服部幸男,38,49,6.70,2,0.13,08,6R,晴,北西,3,2,2021_5_23,1-6-5,5500,1-5-6,1890,1-6,910,1-6,910,2021_5_23_08_6R
530,5,4,3455,谷本幸司,28,52,6.82,4,0.09,08,6R,晴,北西,3,2,2021_5_23,1-6-5,5500,1-5-6,1890,1-6,910,1-6,910,2021_5_23_08_6R
531,6,3,4957,竹之内極,57,50,6.78,3,0.13,08,6R,晴,北西,3,2,2021_5_23,1-6-5,5500,1-5-6,1890,1-6,910,1-6,910,2021_5_23_08_6R
532,1,1,4218,吉川喜継,15,40,6.75,1,0.23,08,7R,晴,北西,3,2,2021_5_23,1-5-2,2430,1-2-5,730,1-5,880,1-5,670,2021_5_23_08_7R
533,2,5,3747,國崎良春,58,33,6.77,5,0.18,08,7R,晴,北西,3,2,2021_5_23,1-5-2,2430,1-2-5,730,1-5,880,1-5,670,2021_5_23_08_7R
534,3,2,4199,北川潤二,37,60,6.79,2,0.18,08,7R,晴,北西,3,2,2021_5_23,1-5-2,2430,1-2-5,730,1-5,880,1-5,670,2021_5_23_08_7R
535,4,4,3546,中里昌志 ,1,43,6.72,3,0.25,08,7R,晴,北西,3,2,2021_5_23,1-5-2,2430,1-2-5,730,1-5,880,1-5,670,2021_5_23_08_7R
536,5,3,4943,八木治樹 ,7,38,6.80,4,0.27,08,7R,晴,北西,3,2,2021_5_23,1-5-2,2430,1-2-5,730,1-5,880,1-5,670,2021_5_23_08_7R
537,6,6,4649,和田操拓,50,12,6.79,6,0.16,08,7R,晴,北西,3,2,2021_5_23,1-5-2,2430,1-2-5,730,1-5,880,1-5,670,2021_5_23_08_7R
538,1,1,3159,江口晃生 ,6,37,6.78,1,0.05,08,8R,晴,北西,3,2,2021_5_23,1-4-5,2700,1-4-5,1590,1-4,630,1-4,690,2021_5_23_08_8R
539,2,4,2903,山崎毅,41,68,6.77,4,0.13,08,8R,晴,北西,3,2,2021_5_23,1-4-5,2700,1-4-5,1590,1-4,630,1-4,690,2021_5_23_08_8R
540,3,5,4270,岸本雄貴,33,26,6.78,5,0.10,08,8R,晴,北西,3,2,2021_5_23,1-4-5,2700,1-4-5,1590,1-4,630,1-4,690,2021_5_23_08_8R
541,4,2,3880,浅見宗孝,20,42,6.80,2,0.12,08,8R,晴,北西,3,2,2021_5_23,1-4-5,2700,1-4-5,1590,1-4,630,1-4,690,2021_5_23_08_8R
542,5,3,3075,中村裕将,21,31,6.85,3,0.11,08,8R,晴,北西,3,2,2021_5_23,1-4-5,2700,1-4-5,1590,1-4,630,1-4,690,2021_5_23_08_8R
543,6,6,4285,伴将典,30,11,6.77,6,0.14,08,8R,晴,北西,3,2,2021_5_23,1-4-5,2700,1-4-5,1590,1-4,630,1-4,690,2021_5_23_08_8R
544,1,1,3445,加藤高史,46,58,6.77,1,0.12,08,9R,晴,北西,3,2,2021_5_23,1-2-3,1360,1-2-3,550,1-2,280,1-2,180,2021_5_23_08_9R
545,2,2,3888,山本英志 ,8,69,6.74,2,0.11,08,9R,晴,北西,3,2,2021_5_23,1-2-3,1360,1-2-3,550,1-2,280,1-2,180,2021_5_23_08_9R
546,3,3,3614,谷勝幸,14,27,6.75,3,0.12,08,9R,晴,北西,3,2,2021_5_23,1-2-3,1360,1-2-3,550,1-2,280,1-2,180,2021_5_23_08_9R
547,4,4,5028,原田才一郎,25,72,6.73,4,0.17,08,9R,晴,北西,3,2,2021_5_23,1-2-3,1360,1-2-3,550,1-2,280,1-2,180,2021_5_23_08_9R
548,5,6,4209,藤田竜弘,22,54,6.87,6,0.18,08,9R,晴,北西,3,2,2021_5_23,1-2-3,1360,1-2-3,550,1-2,280,1-2,180,2021_5_23_08_9R
549,6,5,4669,井上茂,34,55,6.77,5,0.18,08,9R,晴,北西,3,2,2021_5_23,1-2-3,1360,1-2-3,550,1-2,280,1-2,180,2021_5_23_08_9R
550,1,3,3737,上平真二,23,63,6.79,3,0.22,08,10R,晴,北西,3,2,2021_5_23,3-1-2,6930,1-2-3,410,3-1,2270,1-3,340,2021_5_23_08_10R
551,2,1,4435,服部達哉,24,14,6.70,1,0.24,08,10R,晴,北西,3,2,2021_5_23,3-1-2,6930,1-2-3,410,3-1,2270,1-3,340,2021_5_23_08_10R
552,3,2,3740,大澤普司,55,28,6.76,2,0.18,08,10R,晴,北西,3,2,2021_5_23,3-1-2,6930,1-2-3,410,3-1,2270,1-3,340,2021_5_23_08_10R
553,4,6,4539,金子賢志 ,2,44,6.75,6,0.10,08,10R,晴,北西,3,2,2021_5_23,3-1-2,6930,1-2-3,410,3-1,2270,1-3,340,2021_5_23_08_10R
554,5,4,3909,佐々木康幸,39,35,6.73,4,0.17,08,10R,晴,北西,3,2,2021_5_23,3-1-2,6930,1-2-3,410,3-1,2270,1-3,340,2021_5_23_08_10R
555,6,5,4958,溝口海義也,10,64,6.76,5,0.18,08,10R,晴,北西,3,2,2021_5_23,3-1-2,6930,1-2-3,410,3-1,2270,1-3,340,2021_5_23_08_10R
556,1,1,4276,鈴木勝博,49,29,6.74,1,0.18,08,11R,晴,北西,3,2,2021_5_23,1-3-5,2510,1-3-5,1060,1-3,350,1-3,200,2021_5_23_08_11R
557,2,3,3159,江口晃生 ,6,37,6.77,2,0.24,08,11R,晴,北西,3,2,2021_5_23,1-3-5,2510,1-3-5,1060,1-3,350,1-3,200,2021_5_23_08_11R
558,3,5,3422,服部幸男,38,49,6.75,5,0.28,08,11R,晴,北西,3,2,2021_5_23,1-3-5,2510,1-3-5,1060,1-3,350,1-3,200,2021_5_23_08_11R
559,4,2,4218,吉川喜継,15,40,6.75,3,0.24,08,11R,晴,北西,3,2,2021_5_23,1-3-5,2510,1-3-5,1060,1-3,350,1-3,200,2021_5_23_08_11R
560,5,4,3903,白石健,32,46,6.77,4,0.24,08,11R,晴,北西,3,2,2021_5_23,1-3-5,2510,1-3-5,1060,1-3,350,1-3,200,2021_5_23_08_11R
561,6,6,4796,春園功太,52,74,6.76,6,0.34,08,11R,晴,北西,3,2,2021_5_23,1-3-5,2510,1-3-5,1060,1-3,350,1-3,200,2021_5_23_08_11R
562,1,1,4760,山崎郡 ,5,16,6.69,1,0.11,08,12R,晴,北西,3,2,2021_5_23,1-2-3,960,1-2-3,450,1-2,290,1-2,300,2021_5_23_08_12R
563,2,2,4824,松井洪弥,47,17,6.64,2,0.12,08,12R,晴,北西,3,2,2021_5_23,1-2-3,960,1-2-3,450,1-2,290,1-2,300,2021_5_23_08_12R
564,3,3,4335,若林将 ,4,20,6.68,3,0.16,08,12R,晴,北西,3,2,2021_5_23,1-2-3,960,1-2-3,450,1-2,290,1-2,300,2021_5_23_08_12R
565,4,4,4364,池永太,60,39,6.65,4,0.14,08,12R,晴,北西,3,2,2021_5_23,1-2-3,960,1-2-3,450,1-2,290,1-2,300,2021_5_23_08_12R
566,5,5,4269,杉山裕也,29,51,6.69,5,0.12,08,12R,晴,北西,3,2,2021_5_23,1-2-3,960,1-2-3,450,1-2,290,1-2,300,2021_5_23_08_12R
567,6,6,4156,浜野孝志,56,36,6.71,6,0.12,08,12R,晴,北西,3,2,2021_5_23,1-2-3,960,1-2-3,450,1-2,290,1-2,300,2021_5_23_08_12R
568,1,3,3542,清水紀克,67,61,6.78,2,0.12,07,1R,晴,北西,4,2,2021_5_23,3-1-5,4840,1-3-5,470,3-1,1240,1-3,160,2021_5_23_07_1R
569,2,1,3931,黒崎竜也,39,70,6.70,1,0.21,07,1R,晴,北西,4,2,2021_5_23,3-1-5,4840,1-3-5,470,3-1,1240,1-3,160,2021_5_23_07_1R
570,3,5,3277,齋藤勇,37,73,6.77,5,0.11,07,1R,晴,北西,4,2,2021_5_23,3-1-5,4840,1-3-5,470,3-1,1240,1-3,160,2021_5_23_07_1R
571,4,4,3235,鈴木唯由,12,14,6.76,4,0.10,07,1R,晴,北西,4,2,2021_5_23,3-1-5,4840,1-3-5,470,3-1,1240,1-3,160,2021_5_23_07_1R
572,5,6,3376,萩原善行,54,64,6.74,6,0.18,07,1R,晴,北西,4,2,2021_5_23,3-1-5,4840,1-3-5,470,3-1,1240,1-3,160,2021_5_23_07_1R
573,6,2,5063,大塚雅治,50,66,6.83,3,0.20,07,1R,晴,北西,4,2,2021_5_23,3-1-5,4840,1-3-5,470,3-1,1240,1-3,160,2021_5_23_07_1R
574,1,1,4146,柳橋宏紀,13,56,6.72,1,0.24,07,2R,晴,北西,4,2,2021_5_23,1-2-5,3100,1-2-5,1220,1-2,760,1-2,410,2021_5_23_07_2R
575,2,2,3293,宮内由紀英,11,24,6.75,2,0.27,07,2R,晴,北西,4,2,2021_5_23,1-2-5,3100,1-2-5,1220,1-2,760,1-2,410,2021_5_23_07_2R
576,3,5,4145,小澤学,18,60,6.69,5,0.29,07,2R,晴,北西,4,2,2021_5_23,1-2-5,3100,1-2-5,1220,1-2,760,1-2,410,2021_5_23_07_2R
577,4,4,3699,富永正人,73,23,6.74,4,0.25,07,2R,晴,北西,4,2,2021_5_23,1-2-5,3100,1-2-5,1220,1-2,760,1-2,410,2021_5_23_07_2R
578,5,3,4678,水野望美,33,26,6.74,3,0.19,07,2R,晴,北西,4,2,2021_5_23,1-2-5,3100,1-2-5,1220,1-2,760,1-2,410,2021_5_23_07_2R
579,6,6,5129,山口真喜子,75,72,6.80,6,0.30,07,2R,晴,北西,4,2,2021_5_23,1-2-5,3100,1-2-5,1220,1-2,760,1-2,410,2021_5_23_07_2R
580,1,1,4177,萬正嗣,34,63,6.76,1,0.06,07,3R,晴,北西,3,1,2021_5_23,1-2-5,1660,1-2-5,640,1-2,250,1-2,420,2021_5_23_07_3R
581,2,2,4903,吉田凌太朗,55,13,6.72,2,0.15,07,3R,晴,北西,3,1,2021_5_23,1-2-5,1660,1-2-5,640,1-2,250,1-2,420,2021_5_23_07_3R
582,3,5,4131,原豊土,16,74,6.69,5,0.10,07,3R,晴,北西,3,1,2021_5_23,1-2-5,1660,1-2-5,640,1-2,250,1-2,420,2021_5_23_07_3R
583,4,3,4713,白神優,15,36,6.71,3,0.07,07,3R,晴,北西,3,1,2021_5_23,1-2-5,1660,1-2-5,640,1-2,250,1-2,420,2021_5_23_07_3R
584,5,4,3503,堂原洋史,72,65,6.67,4,0.05,07,3R,晴,北西,3,1,2021_5_23,1-2-5,1660,1-2-5,640,1-2,250,1-2,420,2021_5_23_07_3R
585,6,6,4990,田中博子,76,19,6.74,6,0.10,07,3R,晴,北西,3,1,2021_5_23,1-2-5,1660,1-2-5,640,1-2,250,1-2,420,2021_5_23_07_3R
586,1,5,4442,松竹大輔,71,12,6.68,4,0.21,07,4R,晴,北,3,1,2021_5_23,5-3-2,3660,2-3-5,600,5-3,1340,3-5,670,2021_5_23_07_4R
587,2,3,4058,野末智一,70,68,6.82,3,0.14,07,4R,晴,北,3,1,2021_5_23,5-3-2,3660,2-3-5,600,5-3,1340,3-5,670,2021_5_23_07_4R
588,3,2,5004,河野主樹,53,29,6.74,2,0.14,07,4R,晴,北,3,1,2021_5_23,5-3-2,3660,2-3-5,600,5-3,1340,3-5,670,2021_5_23_07_4R
589,4,4,5123,福山恵里奈,14,18,6.73,5,0.20,07,4R,晴,北,3,1,2021_5_23,5-3-2,3660,2-3-5,600,5-3,1340,3-5,670,2021_5_23_07_4R
590,5,6,3561,池田真治,51,58,6.73,6,0.25,07,4R,晴,北,3,1,2021_5_23,5-3-2,3660,2-3-5,600,5-3,1340,3-5,670,2021_5_23_07_4R
591,6,1,3871,池田紫乃,38,15,6.73,1,0.13,07,4R,晴,北,3,1,2021_5_23,5-3-2,3660,2-3-5,600,5-3,1340,3-5,670,2021_5_23_07_4R
592,1,1,4211,村田敦,41,71,6.80,1,0.23,07,5R,晴,北西,3,1,2021_5_23,1-6-3,17730,1-3-6,2200,1-6,2480,1-6,3650,2021_5_23_07_5R
593,2,6,3655,本橋克洋,47,62,6.75,6,0.24,07,5R,晴,北西,3,1,2021_5_23,1-6-3,17730,1-3-6,2200,1-6,2480,1-6,3650,2021_5_23_07_5R
594,3,3,5082,一色凌雅,52,25,6.75,4,0.18,07,5R,晴,北西,3,1,2021_5_23,1-6-3,17730,1-3-6,2200,1-6,2480,1-6,3650,2021_5_23_07_5R
595,4,2,4654,篠田優也,43,27,6.71,3,0.17,07,5R,晴,北西,3,1,2021_5_23,1-6-3,17730,1-3-6,2200,1-6,2480,1-6,3650,2021_5_23_07_5R
596,5,4,3542,清水紀克,67,61,6.76,2,0.19,07,5R,晴,北西,3,1,2021_5_23,1-6-3,17730,1-3-6,2200,1-6,2480,1-6,3650,2021_5_23_07_5R
597,6,5,3772,一柳和孝,46,77,6.70,5,0.23,07,5R,晴,北西,3,1,2021_5_23,1-6-3,17730,1-3-6,2200,1-6,2480,1-6,3650,2021_5_23_07_5R
598,1,2,3795,金子龍介,36,34,6.69,2,0.08,07,6R,晴,北西,3,1,2021_5_23,2-3-4,710,2-3-4,390,2-3,300,2-3,230,2021_5_23_07_6R
599,2,3,4012,中村有裕,74,57,6.70,3,0.09,07,6R,晴,北西,3,1,2021_5_23,2-3-4,710,2-3-4,390,2-3,300,2-3,230,2021_5_23_07_6R
600,3,4,4054,福嶋智之,17,69,6.73,4,0.12,07,6R,晴,北西,3,1,2021_5_23,2-3-4,710,2-3-4,390,2-3,300,2-3,230,2021_5_23_07_6R
601,4,6,4071,古賀千晶,45,28,6.58,5,0.08,07,6R,晴,北西,3,1,2021_5_23,2-3-4,710,2-3-4,390,2-3,300,2-3,230,2021_5_23_07_6R
602,5,1,3235,鈴木唯由,12,14,6.74,1,0.11,07,6R,晴,北西,3,1,2021_5_23,2-3-4,710,2-3-4,390,2-3,300,2-3,230,2021_5_23_07_6R
603,6,5,5129,山口真喜子,75,72,6.78,6,0.12,07,6R,晴,北西,3,1,2021_5_23,2-3-4,710,2-3-4,390,2-3,300,2-3,230,2021_5_23_07_6R
604,1,1,3699,富永正人,73,23,6.68,1,0.19,07,7R,晴,北西,3,1,2021_5_23,1-4-2,970,1-2-4,310,1-4,260,1-4,210,2021_5_23_07_7R
605,2,4,4134,杉山貴博,49,16,6.73,4,0.09,07,7R,晴,北西,3,1,2021_5_23,1-4-2,970,1-2-4,310,1-4,260,1-4,210,2021_5_23_07_7R
606,3,2,3503,堂原洋史,72,65,6.65,2,0.15,07,7R,晴,北西,3,1,2021_5_23,1-4-2,970,1-2-4,310,1-4,260,1-4,210,2021_5_23_07_7R
607,4,5,3848,川上聡介,20,76,6.76,5,0.13,07,7R,晴,北西,3,1,2021_5_23,1-4-2,970,1-2-4,310,1-4,260,1-4,210,2021_5_23_07_7R
608,5,6,5063,大塚雅治,50,66,6.73,6,0.17,07,7R,晴,北西,3,1,2021_5_23,1-4-2,970,1-2-4,310,1-4,260,1-4,210,2021_5_23_07_7R
609,6,3,4726,島田なぎさ,19,75,6.71,3,0.08,07,7R,晴,北西,3,1,2021_5_23,1-4-2,970,1-2-4,310,1-4,260,1-4,210,2021_5_23_07_7R
610,1,1,4442,松竹大輔,71,12,6.68,1,0.21,07,8R,晴,西,3,1,2021_5_23,1-3-4,330,1-3-4,200,1-3,160,1-3,110,2021_5_23_07_8R
611,2,3,4259,真庭明志,68,20,6.68,3,0.22,07,8R,晴,西,3,1,2021_5_23,1-3-4,330,1-3-4,200,1-3,160,1-3,110,2021_5_23_07_8R
612,3,4,4177,萬正嗣,34,63,6.69,4,0.22,07,8R,晴,西,3,1,2021_5_23,1-3-4,330,1-3-4,200,1-3,160,1-3,110,2021_5_23_07_8R
613,4,2,3376,萩原善行,54,64,6.68,2,0.35,07,8R,晴,西,3,1,2021_5_23,1-3-4,330,1-3-4,200,1-3,160,1-3,110,2021_5_23_07_8R
614,5,6,3293,宮内由紀英,11,24,6.75,6,0.28,07,8R,晴,西,3,1,2021_5_23,1-3-4,330,1-3-4,200,1-3,160,1-3,110,2021_5_23_07_8R
615,6,5,5123,福山恵里奈,14,18,6.69,5,0.27,07,8R,晴,西,3,1,2021_5_23,1-3-4,330,1-3-4,200,1-3,160,1-3,110,2021_5_23_07_8R
616,1,2,3931,黒崎竜也,39,70,6.75,2,0.12,07,9R,晴,西,3,1,2021_5_23,2-5-4,13460,2-4-5,2940,2-5,2700,2-5,2010,2021_5_23_07_9R
617,2,5,4146,柳橋宏紀,13,56,6.76,6,0.11,07,9R,晴,西,3,1,2021_5_23,2-5-4,13460,2-4-5,2940,2-5,2700,2-5,2010,2021_5_23_07_9R
618,3,4,4654,篠田優也,43,27,6.80,5,0.09,07,9R,晴,西,3,1,2021_5_23,2-5-4,13460,2-4-5,2940,2-5,2700,2-5,2010,2021_5_23_07_9R
619,4,6,3772,一柳和孝,46,77,6.78,4,0.13,07,9R,晴,西,3,1,2021_5_23,2-5-4,13460,2-4-5,2940,2-5,2700,2-5,2010,2021_5_23_07_9R
620,5,3,3967,鈴木茂高,40,22,6.85,3,0.15,07,9R,晴,西,3,1,2021_5_23,2-5-4,13460,2-4-5,2940,2-5,2700,2-5,2010,2021_5_23_07_9R
621,6,1,3302,谷川里江,69,30,6.67,1,0.25,07,9R,晴,西,3,1,2021_5_23,2-5-4,13460,2-4-5,2940,2-5,2700,2-5,2010,2021_5_23_07_9R
622,1,1,4058,野末智一,70,68,6.79,1,0.09,07,10R,晴,西,3,1,2021_5_23,1-3-2,1490,1-2-3,640,1-3,270,1-3,160,2021_5_23_07_10R
623,2,3,4903,吉田凌太朗,55,13,6.83,3,0.18,07,10R,晴,西,3,1,2021_5_23,1-3-2,1490,1-2-3,640,1-3,270,1-3,160,2021_5_23_07_10R
624,3,2,3277,齋藤勇,37,73,6.81,2,0.15,07,10R,晴,西,3,1,2021_5_23,1-3-2,1490,1-2-3,640,1-3,270,1-3,160,2021_5_23_07_10R
625,4,4,4211,村田敦,41,71,6.88,4,0.17,07,10R,晴,西,3,1,2021_5_23,1-3-2,1490,1-2-3,640,1-3,270,1-3,160,2021_5_23_07_10R
626,5,5,4012,中村有裕,74,57,6.78,5,0.43,07,10R,晴,西,3,1,2021_5_23,1-3-2,1490,1-2-3,640,1-3,270,1-3,160,2021_5_23_07_10R
627,6,6,4145,小澤学,18,60,6.78,6,0.46,07,10R,晴,西,3,1,2021_5_23,1-3-2,1490,1-2-3,640,1-3,270,1-3,160,2021_5_23_07_10R
628,1,5,3795,金子龍介,36,34,6.74,3,0.12,07,11R,晴,西,3,1,2021_5_23,5-4-6,7420,4-5-6,2870,5-4,2020,4-5,2760,2021_5_23_07_11R
629,2,4,4726,島田なぎさ,19,75,6.79,5,0.07,07,11R,晴,西,3,1,2021_5_23,5-4-6,7420,4-5-6,2870,5-4,2020,4-5,2760,2021_5_23_07_11R
630,3,6,4678,水野望美,33,26,6.82,6,0.04,07,11R,晴,西,3,1,2021_5_23,5-4-6,7420,4-5-6,2870,5-4,2020,4-5,2760,2021_5_23_07_11R
631,4,1,4131,原豊土,16,74,6.78,1,0.19,07,11R,晴,西,3,1,2021_5_23,5-4-6,7420,4-5-6,2870,5-4,2020,4-5,2760,2021_5_23_07_11R
632,5,3,3561,池田真治,51,58,6.81,4,0.16,07,11R,晴,西,3,1,2021_5_23,5-4-6,7420,4-5-6,2870,5-4,2020,4-5,2760,2021_5_23_07_11R
633,6,2,5082,一色凌雅,52,25,6.77,2,0.19,07,11R,晴,西,3,1,2021_5_23,5-4-6,7420,4-5-6,2870,5-4,2020,4-5,2760,2021_5_23_07_11R
634,1,1,4134,杉山貴博,49,16,6.75,1,0.06,07,12R,晴,北西,3,1,2021_5_23,1-4-5,790,1-4-5,390,1-4,300,1-4,190,2021_5_23_07_12R
635,2,4,4259,真庭明志,68,20,6.82,4,0.17,07,12R,晴,北西,3,1,2021_5_23,1-4-5,790,1-4-5,390,1-4,300,1-4,190,2021_5_23_07_12R
636,3,5,3655,本橋克洋,47,62,6.71,5,0.14,07,12R,晴,北西,3,1,2021_5_23,1-4-5,790,1-4-5,390,1-4,300,1-4,190,2021_5_23_07_12R
637,4,6,4713,白神優,15,36,6.75,6,0.08,07,12R,晴,北西,3,1,2021_5_23,1-4-5,790,1-4-5,390,1-4,300,1-4,190,2021_5_23_07_12R
638,5,2,4071,古賀千晶,45,28,6.73,2,0.19,07,12R,晴,北西,3,1,2021_5_23,1-4-5,790,1-4-5,390,1-4,300,1-4,190,2021_5_23_07_12R
639,6,3,5004,河野主樹,53,29,6.76,3,0.23,07,12R,晴,北西,3,1,2021_5_23,1-4-5,790,1-4-5,390,1-4,300,1-4,190,2021_5_23_07_12R
640,1,2,4989,石原翼,44,31,6.79,2,0.21,06,1R,晴,西,4,2,2021_5_23,2-6-4,29710,2-4-6,7960,2-6,1680,2-6,1110,2021_5_23_06_1R
641,2,6,3461,渡邊哲也,35,15,6.80,5,0.22,06,1R,晴,西,4,2,2021_5_23,2-6-4,29710,2-4-6,7960,2-6,1680,2-6,1110,2021_5_23_06_1R
642,3,4,5157,市川健太,62,27,6.84,6,0.29,06,1R,晴,西,4,2,2021_5_23,2-6-4,29710,2-4-6,7960,2-6,1680,2-6,1110,2021_5_23_06_1R
643,4,5,3730,塩崎優司,50,57,6.83,4,0.23,06,1R,晴,西,4,2,2021_5_23,2-6-4,29710,2-4-6,7960,2-6,1680,2-6,1110,2021_5_23_06_1R
644,5,1,3020,若女井正,36,35,6.87,1,0.24,06,1R,晴,西,4,2,2021_5_23,2-6-4,29710,2-4-6,7960,2-6,1680,2-6,1110,2021_5_23_06_1R
645,6,3,3346,宮本裕之,23,11,6.88,3,0.25,06,1R,晴,西,4,2,2021_5_23,2-6-4,29710,2-4-6,7960,2-6,1680,2-6,1110,2021_5_23_06_1R
646,1,1,4031,飯島誠,25,33,6.84,1,0.17,06,2R,晴,西,4,2,2021_5_23,1-3-2,2890,1-2-3,1040,1-3,430,1-3,320,2021_5_23_06_2R
647,2,3,3582,吉川昭男,45,71,6.77,3,0.19,06,2R,晴,西,4,2,2021_5_23,1-3-2,2890,1-2-3,1040,1-3,430,1-3,320,2021_5_23_06_2R
648,3,2,4380,鈴木峻佑,63,43,6.81,2,0.15,06,2R,晴,西,4,2,2021_5_23,1-3-2,2890,1-2-3,1040,1-3,430,1-3,320,2021_5_23_06_2R
649,4,4,3489,大場敏,16,12,6.85,4,0.13,06,2R,晴,西,4,2,2021_5_23,1-3-2,2890,1-2-3,1040,1-3,430,1-3,320,2021_5_23_06_2R
650,5,6,4461,安田吉宏,26,69,6.78,6,0.12,06,2R,晴,西,4,2,2021_5_23,1-3-2,2890,1-2-3,1040,1-3,430,1-3,320,2021_5_23_06_2R
651,6,5,3498,白石浩二,27,45,6.80,5,0.11,06,2R,晴,西,4,2,2021_5_23,1-3-2,2890,1-2-3,1040,1-3,430,1-3,320,2021_5_23_06_2R
652,1,2,3268,森竜也,17,64,6.82,2,0.16,06,3R,晴,西,4,2,2021_5_23,2-1-3,2350,1-2-3,610,2-1,810,1-2,460,2021_5_23_06_3R
653,2,1,4752,西尾亮輔,38,68,6.82,1,0.17,06,3R,晴,西,4,2,2021_5_23,2-1-3,2350,1-2-3,610,2-1,810,1-2,460,2021_5_23_06_3R
654,3,3,4303,牧原崇,41,67,6.78,3,0.17,06,3R,晴,西,4,2,2021_5_23,2-1-3,2350,1-2-3,610,2-1,810,1-2,460,2021_5_23_06_3R
655,4,5,4184,渡邊雄一郎,49,60,6.82,5,0.19,06,3R,晴,西,4,2,2021_5_23,2-1-3,2350,1-2-3,610,2-1,810,1-2,460,2021_5_23_06_3R
656,5,4,4790,柳内敬太,46,30,6.81,4,0.14,06,3R,晴,西,4,2,2021_5_23,2-1-3,2350,1-2-3,610,2-1,810,1-2,460,2021_5_23_06_3R
657,6,6,4103,山崎善庸,29,26,6.90,6,0.23,06,3R,晴,西,4,2,2021_5_23,2-1-3,2350,1-2-3,610,2-1,810,1-2,460,2021_5_23_06_3R
658,1,1,4494,河合佑樹,60,17,6.76,1,0.08,06,4R,晴,西,4,2,2021_5_23,1-3-2,1630,1-2-3,410,1-3,780,1-3,530,2021_5_23_06_4R
659,2,3,4327,加藤翔,59,29,6.80,3,0.10,06,4R,晴,西,4,2,2021_5_23,1-3-2,1630,1-2-3,410,1-3,780,1-3,530,2021_5_23_06_4R
660,3,2,4516,野口勝弘,61,75,6.73,2,0.08,06,4R,晴,西,4,2,2021_5_23,1-3-2,1630,1-2-3,410,1-3,780,1-3,530,2021_5_23_06_4R
661,4,4,4540,相原利章 ,2,72,6.73,4,0.22,06,4R,晴,西,4,2,2021_5_23,1-3-2,1630,1-2-3,410,1-3,780,1-3,530,2021_5_23_06_4R
662,5,5,4797,中山将,43,13,6.76,5,0.17,06,4R,晴,西,4,2,2021_5_23,1-3-2,1630,1-2-3,410,1-3,780,1-3,530,2021_5_23_06_4R
663,6,6,5128,坪井爽佑 ,1,53,6.70,6,0.14,06,4R,晴,西,4,2,2021_5_23,1-3-2,1630,1-2-3,410,1-3,780,1-3,530,2021_5_23_06_4R
664,1,3,3929,杢野誓良 ,8,38,6.76,3,0.03,06,5R,晴,西,5,3,2021_5_23,3-4-1,1640,1-3-4,300,3-4,470,3-4,210,2021_5_23_06_5R
665,2,4,4137,君島秀三,39,50,6.78,4,0.03,06,5R,晴,西,5,3,2021_5_23,3-4-1,1640,1-3-4,300,3-4,470,3-4,210,2021_5_23_06_5R
666,3,1,5074,大澤誠也,55,47,6.85,1,0.11,06,5R,晴,西,5,3,2021_5_23,3-4-1,1640,1-3-4,300,3-4,470,3-4,210,2021_5_23_06_5R
667,4,2,3105,内山文典,54,18,6.87,2,0.08,06,5R,晴,西,5,3,2021_5_23,3-4-1,1640,1-3-4,300,3-4,470,3-4,210,2021_5_23_06_5R
668,1,2,5010,宇留田翔平 ,6,37,6.74,2,0.17,06,6R,晴,西,4,2,2021_5_23,2-5-6,19290,2-5-6,2820,2-5,7420,2-5,3100,2021_5_23_06_6R
669,2,5,5167,小川竜太朗,64,46,6.71,5,0.16,06,6R,晴,西,4,2,2021_5_23,2-5-6,19290,2-5-6,2820,2-5,7420,2-5,3100,2021_5_23_06_6R
670,3,6,4319,三宅潤,40,61,6.83,6,0.20,06,6R,晴,西,4,2,2021_5_23,2-5-6,19290,2-5-6,2820,2-5,7420,2-5,3100,2021_5_23_06_6R
671,4,3,3730,塩崎優司,50,57,6.84,3,0.19,06,6R,晴,西,4,2,2021_5_23,2-5-6,19290,2-5-6,2820,2-5,7420,2-5,3100,2021_5_23_06_6R
672,5,4,4366,前沢丈史,58,73,6.86,4,0.21,06,6R,晴,西,4,2,2021_5_23,2-5-6,19290,2-5-6,2820,2-5,7420,2-5,3100,2021_5_23_06_6R
673,6,1,3498,白石浩二,27,45,6.81,1,0.16,06,6R,晴,西,4,2,2021_5_23,2-5-6,19290,2-5-6,2820,2-5,7420,2-5,3100,2021_5_23_06_6R
674,1,1,4002,古結宏,53,20,6.87,1,0.13,06,7R,晴,西,4,2,2021_5_23,1-3-4,990,1-3-4,430,1-3,610,1-3,420,2021_5_23_06_7R
675,2,3,4461,安田吉宏,26,69,6.83,3,0.14,06,7R,晴,西,4,2,2021_5_23,1-3-4,990,1-3-4,430,1-3,610,1-3,420,2021_5_23_06_7R
676,3,4,4124,池田雄一,12,70,6.83,4,0.24,06,7R,晴,西,4,2,2021_5_23,1-3-4,990,1-3-4,430,1-3,610,1-3,420,2021_5_23_06_7R
677,4,2,4790,柳内敬太,46,30,6.84,2,0.15,06,7R,晴,西,4,2,2021_5_23,1-3-4,990,1-3-4,430,1-3,610,1-3,420,2021_5_23_06_7R
678,5,5,3020,若女井正,36,35,6.88,5,0.27,06,7R,晴,西,4,2,2021_5_23,1-3-4,990,1-3-4,430,1-3,610,1-3,420,2021_5_23_06_7R
679,6,6,5130,上野拓馬,15,32,6.79,6,0.26,06,7R,晴,西,4,2,2021_5_23,1-3-4,990,1-3-4,430,1-3,610,1-3,420,2021_5_23_06_7R
680,1,6,4188,久田敏之,28,49,6.84,2,0.18,06,8R,晴,西,5,3,2021_5_23,6-2-4,4900,2-4-6,3150,6-2,930,2-6,620,2021_5_23_06_8R
681,2,2,4797,中山将,43,13,6.86,3,0.32,06,8R,晴,西,5,3,2021_5_23,6-2-4,4900,2-4-6,3150,6-2,930,2-6,620,2021_5_23_06_8R
682,3,4,4752,西尾亮輔,38,68,6.81,5,0.29,06,8R,晴,西,5,3,2021_5_23,6-2-4,4900,2-4-6,3150,6-2,930,2-6,620,2021_5_23_06_8R
683,4,5,4989,石原翼,44,31,6.81,6,0.25,06,8R,晴,西,5,3,2021_5_23,6-2-4,4900,2-4-6,3150,6-2,930,2-6,620,2021_5_23_06_8R
684,5,1,3761,山本光雄,47,34,6.88,1,0.30,06,8R,晴,西,5,3,2021_5_23,6-2-4,4900,2-4-6,3150,6-2,930,2-6,620,2021_5_23_06_8R
685,6,3,3642,大塚浩二 ,5,19,6.89,4,0.27,06,8R,晴,西,5,3,2021_5_23,6-2-4,4900,2-4-6,3150,6-2,930,2-6,620,2021_5_23_06_8R
686,1,4,5128,坪井爽佑 ,1,53,6.78,5,0.07,06,9R,晴,西,5,3,2021_5_23,4-6-1,29940,1-4-6,1710,4-6,6110,4-6,3550,2021_5_23_06_9R
687,2,6,3838,伊藤啓三,52,23,6.80,6,0.21,06,9R,晴,西,5,3,2021_5_23,4-6-1,29940,1-4-6,1710,4-6,6110,4-6,3550,2021_5_23_06_9R
688,3,1,3156,金子良昭,66,41,6.81,1,0.13,06,9R,晴,西,5,3,2021_5_23,4-6-1,29940,1-4-6,1710,4-6,6110,4-6,3550,2021_5_23_06_9R
689,4,2,3392,小森信雄,19,56,6.83,2,0.24,06,9R,晴,西,5,3,2021_5_23,4-6-1,29940,1-4-6,1710,4-6,6110,4-6,3550,2021_5_23_06_9R
690,5,5,3346,宮本裕之,23,11,6.91,3,0.23,06,9R,晴,西,5,3,2021_5_23,4-6-1,29940,1-4-6,1710,4-6,6110,4-6,3550,2021_5_23_06_9R
691,6,3,4380,鈴木峻佑,63,43,6.81,4,0.19,06,9R,晴,西,5,3,2021_5_23,4-6-1,29940,1-4-6,1710,4-6,6110,4-6,3550,2021_5_23_06_9R
692,1,1,4137,君島秀三,39,50,6.87,1,0.15,06,10R,晴,西,4,2,2021_5_23,1-3-2,970,1-2-3,280,1-3,350,1-3,350,2021_5_23_06_10R
693,2,3,4366,前沢丈史,58,73,6.86,3,0.22,06,10R,晴,西,4,2,2021_5_23,1-3-2,970,1-2-3,280,1-3,350,1-3,350,2021_5_23_06_10R
694,3,2,3489,大場敏,16,12,6.83,2,0.17,06,10R,晴,西,4,2,2021_5_23,1-3-2,970,1-2-3,280,1-3,350,1-3,350,2021_5_23_06_10R
695,4,4,4494,河合佑樹,60,17,6.86,4,0.25,06,10R,晴,西,4,2,2021_5_23,1-3-2,970,1-2-3,280,1-3,350,1-3,350,2021_5_23_06_10R
696,5,6,3268,森竜也,17,64,6.90,6,0.26,06,10R,晴,西,4,2,2021_5_23,1-3-2,970,1-2-3,280,1-3,350,1-3,350,2021_5_23_06_10R
697,6,5,4303,牧原崇,41,67,6.83,5,0.32,06,10R,晴,西,4,2,2021_5_23,1-3-2,970,1-2-3,280,1-3,350,1-3,350,2021_5_23_06_10R
698,1,1,4319,三宅潤,40,61,6.73,1,0.06,06,11R,晴,西,3,2,2021_5_23,1-4-3,2550,1-3-4,740,1-4,1190,1-4,700,2021_5_23_06_11R
699,2,4,4516,野口勝弘,61,75,6.75,4,0.14,06,11R,晴,西,3,2,2021_5_23,1-4-3,2550,1-3-4,740,1-4,1190,1-4,700,2021_5_23_06_11R
700,3,3,4002,古結宏,53,20,6.78,3,0.05,06,11R,晴,西,3,2,2021_5_23,1-4-3,2550,1-3-4,740,1-4,1190,1-4,700,2021_5_23_06_11R
701,4,2,4184,渡邊雄一郎,49,60,6.74,2,0.10,06,11R,晴,西,3,2,2021_5_23,1-4-3,2550,1-3-4,740,1-4,1190,1-4,700,2021_5_23_06_11R
702,5,6,3105,内山文典,54,18,6.80,6,0.22,06,11R,晴,西,3,2,2021_5_23,1-4-3,2550,1-3-4,740,1-4,1190,1-4,700,2021_5_23_06_11R
703,6,5,4031,飯島誠,25,33,6.83,5,0.14,06,11R,晴,西,3,2,2021_5_23,1-4-3,2550,1-3-4,740,1-4,1190,1-4,700,2021_5_23_06_11R
704,1,1,4188,久田敏之,28,49,6.81,1,0.05,06,12R,晴,西,3,2,2021_5_23,1-6-2,9910,1-2-6,2090,1-6,2620,1-6,2100,2021_5_23_06_12R
705,2,6,5010,宇留田翔平 ,6,37,6.72,6,0.23,06,12R,晴,西,3,2,2021_5_23,1-6-2,9910,1-2-6,2090,1-6,2620,1-6,2100,2021_5_23_06_12R
706,3,2,4124,池田雄一,12,70,6.77,2,0.15,06,12R,晴,西,3,2,2021_5_23,1-6-2,9910,1-2-6,2090,1-6,2620,1-6,2100,2021_5_23_06_12R
707,4,5,3929,杢野誓良 ,8,38,6.70,5,0.17,06,12R,晴,西,3,2,2021_5_23,1-6-2,9910,1-2-6,2090,1-6,2620,1-6,2100,2021_5_23_06_12R
708,5,4,3582,吉川昭男,45,71,6.74,3,0.19,06,12R,晴,西,3,2,2021_5_23,1-6-2,9910,1-2-6,2090,1-6,2620,1-6,2100,2021_5_23_06_12R
709,6,3,4540,相原利章 ,2,72,6.76,4,0.18,06,12R,晴,西,3,2,2021_5_23,1-6-2,9910,1-2-6,2090,1-6,2620,1-6,2100,2021_5_23_06_12R
710,1,1,4851,関浩哉,59,42,6.75,1,0.16,05,1R,曇り,南東,3,2,2021_5_23,1-4-3,410,1-3-4,180,1-4,190,1-4,150,2021_5_23_05_1R
711,2,4,3956,横澤剛治,15,48,6.80,4,0.14,05,1R,曇り,南東,3,2,2021_5_23,1-4-3,410,1-3-4,180,1-4,190,1-4,150,2021_5_23_05_1R
712,3,3,4756,渡邉昌成,66,49,6.75,3,0.03,05,1R,曇り,南東,3,2,2021_5_23,1-4-3,410,1-3-4,180,1-4,190,1-4,150,2021_5_23_05_1R
713,4,5,5110,杉山喜一,12,39,6.81,5,0.20,05,1R,曇り,南東,3,2,2021_5_23,1-4-3,410,1-3-4,180,1-4,190,1-4,150,2021_5_23_05_1R
714,5,2,4453,永田郁弥,61,66,6.68,2,0.09,05,1R,曇り,南東,3,2,2021_5_23,1-4-3,410,1-3-4,180,1-4,190,1-4,150,2021_5_23_05_1R
715,6,6,5190,大月遊雅,53,56,6.84,6,0.20,05,1R,曇り,南東,3,2,2021_5_23,1-4-3,410,1-3-4,180,1-4,190,1-4,150,2021_5_23_05_1R
716,1,1,3644,矢橋成介,18,53,6.71,1,0.08,05,2R,晴,南,2,2,2021_5_23,1-2-3,2760,1-2-3,420,1-2,460,1-2,210,2021_5_23_05_2R
717,2,2,4369,丹下将,64,41,6.81,2,0.09,05,2R,晴,南,2,2,2021_5_23,1-2-3,2760,1-2-3,420,1-2,460,1-2,210,2021_5_23_05_2R
718,3,3,4186,小川時光,38,52,6.80,3,0.06,05,2R,晴,南,2,2,2021_5_23,1-2-3,2760,1-2-3,420,1-2,460,1-2,210,2021_5_23_05_2R
719,4,4,3947,寺本昇平,63,44,6.68,4,0.11,05,2R,晴,南,2,2,2021_5_23,1-2-3,2760,1-2-3,420,1-2,460,1-2,210,2021_5_23_05_2R
720,5,5,3630,黒田誠司,20,24,6.84,5,0.14,05,2R,晴,南,2,2,2021_5_23,1-2-3,2760,1-2-3,420,1-2,460,1-2,210,2021_5_23_05_2R
721,6,6,4483,北野輝季,29,22,6.77,6,0.10,05,2R,晴,南,2,2,2021_5_23,1-2-3,2760,1-2-3,420,1-2,460,1-2,210,2021_5_23_05_2R
722,1,1,5125,高井雄基,50,25,6.80,1,0.03,05,3R,曇り,南,2,2,2021_5_23,1-2-4,3430,1-2-4,650,1-2,1620,1-2,790,2021_5_23_05_3R
723,2,2,4210,松村康太,13,46,6.76,2,0.05,05,3R,曇り,南,2,2,2021_5_23,1-2-4,3430,1-2-4,650,1-2,1620,1-2,790,2021_5_23_05_3R
724,3,4,3872,岡田憲行,45,38,6.84,4,0.19,05,3R,曇り,南,2,2,2021_5_23,1-2-4,3430,1-2-4,650,1-2,1620,1-2,790,2021_5_23_05_3R
725,4,5,4438,森作雄大,46,36,6.74,5,0.18,05,3R,曇り,南,2,2,2021_5_23,1-2-4,3430,1-2-4,650,1-2,1620,1-2,790,2021_5_23_05_3R
726,5,3,4360,庄司孝輔,56,61,6.81,3,0.07,05,3R,曇り,南,2,2,2021_5_23,1-2-4,3430,1-2-4,650,1-2,1620,1-2,790,2021_5_23_05_3R
727,6,6,5122,相馬翔,42,28,6.73,6,0.13,05,3R,曇り,南,2,2,2021_5_23,1-2-4,3430,1-2-4,650,1-2,1620,1-2,790,2021_5_23_05_3R
728,1,4,4305,金子拓矢,62,21,6.81,4,0.07,05,4R,晴,南西,3,2,2021_5_23,4-2-3,24230,2-3-4,3450,4-2,3330,2-4,1730,2021_5_23_05_4R
729,2,2,3863,海老澤泰行,43,59,6.89,2,0.05,05,4R,晴,南西,3,2,2021_5_23,4-2-3,24230,2-3-4,3450,4-2,3330,2-4,1730,2021_5_23_05_4R
730,3,3,3796,長野道臣,52,45,6.74,3,0.07,05,4R,晴,南西,3,2,2021_5_23,4-2-3,24230,2-3-4,3450,4-2,3330,2-4,1730,2021_5_23_05_4R
731,4,5,4061,萩原秀人,24,62,6.81,5,0.15,05,4R,晴,南西,3,2,2021_5_23,4-2-3,24230,2-3-4,3450,4-2,3330,2-4,1730,2021_5_23_05_4R
732,5,1,4883,岡部大輝,19,30,6.76,1,0.10,05,4R,晴,南西,3,2,2021_5_23,4-2-3,24230,2-3-4,3450,4-2,3330,2-4,1730,2021_5_23_05_4R
733,6,6,3412,鈴木博,35,35,6.81,6,0.15,05,4R,晴,南西,3,2,2021_5_23,4-2-3,24230,2-3-4,3450,4-2,3330,2-4,1730,2021_5_23_05_4R
734,1,1,3362,間嶋仁志,37,63,6.74,1,0.19,05,5R,晴,南,2,2,2021_5_23,1-3-2,1420,1-2-3,490,1-3,220,1-3,190,2021_5_23_05_5R
735,2,3,4532,秋元哲,57,40,6.88,3,0.11,05,5R,晴,南,2,2,2021_5_23,1-3-2,1420,1-2-3,490,1-3,220,1-3,190,2021_5_23_05_5R
736,3,2,3565,坂本徳克,39,27,6.82,2,0.09,05,5R,晴,南,2,2,2021_5_23,1-3-2,1420,1-2-3,490,1-3,220,1-3,190,2021_5_23_05_5R
737,4,5,4505,島田賢人,49,26,6.76,4,0.16,05,5R,晴,南,2,2,2021_5_23,1-3-2,1420,1-2-3,490,1-3,220,1-3,190,2021_5_23_05_5R
738,5,4,5110,杉山喜一,12,39,6.77,5,0.19,05,5R,晴,南,2,2,2021_5_23,1-3-2,1420,1-2-3,490,1-3,220,1-3,190,2021_5_23_05_5R
739,6,6,5201,村上宗太郎,33,54,6.86,6,0.15,05,5R,晴,南,2,2,2021_5_23,1-3-2,1420,1-2-3,490,1-3,220,1-3,190,2021_5_23_05_5R
740,1,1,4401,小林泰,22,43,6.74,1,0.12,05,6R,晴,南,2,2,2021_5_23,1-2-6,1820,1-2-6,1070,1-2,480,1-2,470,2021_5_23_05_6R
741,2,2,3644,矢橋成介,18,53,6.70,2,0.21,05,6R,晴,南,2,2,2021_5_23,1-2-6,1820,1-2-6,1070,1-2,480,1-2,470,2021_5_23_05_6R
742,3,6,3987,後藤正宗,28,50,6.69,5,0.26,05,6R,晴,南,2,2,2021_5_23,1-2-6,1820,1-2-6,1070,1-2,480,1-2,470,2021_5_23_05_6R
743,4,3,4644,山田亮太,60,57,6.74,3,0.19,05,6R,晴,南,2,2,2021_5_23,1-2-6,1820,1-2-6,1070,1-2,480,1-2,470,2021_5_23_05_6R
744,5,4,4793,金子萌,27,32,6.78,4,0.29,05,6R,晴,南,2,2,2021_5_23,1-2-6,1820,1-2-6,1070,1-2,480,1-2,470,2021_5_23_05_6R
745,6,5,5190,大月遊雅,53,56,6.72,6,0.22,05,6R,晴,南,2,2,2021_5_23,1-2-6,1820,1-2-6,1070,1-2,480,1-2,470,2021_5_23_05_6R
746,1,1,3475,橋本久和,25,31,6.73,1,0.13,05,7R,晴,南西,1,2,2021_5_23,1-2-3,510,1-2-3,250,1-2,290,1-2,200,2021_5_23_05_7R
747,2,2,3712,淺香文武,30,34,6.70,2,0.11,05,7R,晴,南西,1,2,2021_5_23,1-2-3,510,1-2-3,250,1-2,290,1-2,200,2021_5_23_05_7R
748,3,3,4369,丹下将,64,41,6.74,3,0.12,05,7R,晴,南西,1,2,2021_5_23,1-2-3,510,1-2-3,250,1-2,290,1-2,200,2021_5_23_05_7R
749,4,5,4756,渡邉昌成,66,49,6.73,5,0.07,05,7R,晴,南西,1,2,2021_5_23,1-2-3,510,1-2-3,250,1-2,290,1-2,200,2021_5_23_05_7R
750,5,4,4438,森作雄大,46,36,6.81,4,0.10,05,7R,晴,南西,1,2,2021_5_23,1-2-3,510,1-2-3,250,1-2,290,1-2,200,2021_5_23_05_7R
751,6,6,4318,桑原将光,36,64,6.84,6,0.13,05,7R,晴,南西,1,2,2021_5_23,1-2-3,510,1-2-3,250,1-2,290,1-2,200,2021_5_23_05_7R
752,1,2,4483,北野輝季,29,22,6.80,2,0.14,05,8R,晴,南,2,2,2021_5_23,2-1-4,1620,1-2-4,170,2-1,690,1-2,190,2021_5_23_05_8R
753,2,1,3872,岡田憲行,45,38,6.86,1,0.17,05,8R,晴,南,2,2,2021_5_23,2-1-4,1620,1-2-4,170,2-1,690,1-2,190,2021_5_23_05_8R
754,3,4,3412,鈴木博,35,35,6.81,4,0.17,05,8R,晴,南,2,2,2021_5_23,2-1-4,1620,1-2-4,170,2-1,690,1-2,190,2021_5_23_05_8R
755,4,5,4274,長畑友輔,21,67,6.78,5,0.09,05,8R,晴,南,2,2,2021_5_23,2-1-4,1620,1-2-4,170,2-1,690,1-2,190,2021_5_23_05_8R
756,5,3,3934,鋤柄貴俊,44,23,6.92,3,0.22,05,8R,晴,南,2,2,2021_5_23,2-1-4,1620,1-2-4,170,2-1,690,1-2,190,2021_5_23_05_8R
757,6,6,4128,川口貴久,26,60,6.87,6,0.20,05,8R,晴,南,2,2,2021_5_23,2-1-4,1620,1-2-4,170,2-1,690,1-2,190,2021_5_23_05_8R
758,1,1,3956,横澤剛治,15,48,6.81,1,0.22,05,9R,晴,南東,2,2,2021_5_23,1-2-3,450,1-2-3,330,1-2,180,1-2,160,2021_5_23_05_9R
759,2,2,3796,長野道臣,52,45,6.76,2,0.21,05,9R,晴,南東,2,2,2021_5_23,1-2-3,450,1-2-3,330,1-2,180,1-2,160,2021_5_23_05_9R
760,3,3,2841,吉田稔,48,51,6.79,3,0.19,05,9R,晴,南東,2,2,2021_5_23,1-2-3,450,1-2-3,330,1-2,180,1-2,160,2021_5_23_05_9R
761,4,6,3536,一色雅昭,16,29,6.77,4,0.16,05,9R,晴,南東,2,2,2021_5_23,1-2-3,450,1-2-3,330,1-2,180,1-2,160,2021_5_23_05_9R
762,5,4,5125,高井雄基,50,25,6.81,5,0.18,05,9R,晴,南東,2,2,2021_5_23,1-2-3,450,1-2-3,330,1-2,180,1-2,160,2021_5_23_05_9R
763,6,5,5201,村上宗太郎,33,54,6.76,6,0.15,05,9R,晴,南東,2,2,2021_5_23,1-2-3,450,1-2-3,330,1-2,180,1-2,160,2021_5_23_05_9R
764,1,3,4851,関浩哉,59,42,6.77,3,0.17,05,10R,晴,南,2,2,2021_5_23,3-1-2,2800,1-2-3,200,3-1,1690,1-3,270,2021_5_23_05_10R
765,2,1,4210,松村康太,13,46,6.77,1,0.15,05,10R,晴,南,2,2,2021_5_23,3-1-2,2800,1-2-3,200,3-1,1690,1-3,270,2021_5_23_05_10R
766,3,2,4401,小林泰,22,43,6.72,2,0.19,05,10R,晴,南,2,2,2021_5_23,3-1-2,2800,1-2-3,200,3-1,1690,1-3,270,2021_5_23_05_10R
767,4,5,4532,秋元哲,57,40,6.84,5,0.19,05,10R,晴,南,2,2,2021_5_23,3-1-2,2800,1-2-3,200,3-1,1690,1-3,270,2021_5_23_05_10R
768,5,6,4809,外崎悟,14,55,6.76,6,0.16,05,10R,晴,南,2,2,2021_5_23,3-1-2,2800,1-2-3,200,3-1,1690,1-3,270,2021_5_23_05_10R
769,6,4,4035,杉江浩明,55,47,6.69,4,0.17,05,10R,晴,南,2,2,2021_5_23,3-1-2,2800,1-2-3,200,3-1,1690,1-3,270,2021_5_23_05_10R
770,1,2,3362,間嶋仁志,37,63,6.77,2,0.13,05,11R,晴,南東,2,2,2021_5_23,2-1-4,2310,1-2-4,200,2-1,360,1-2,120,2021_5_23_05_11R
771,2,1,4061,萩原秀人,24,62,6.78,1,0.16,05,11R,晴,南東,2,2,2021_5_23,2-1-4,2310,1-2-4,200,2-1,360,1-2,120,2021_5_23_05_11R
772,3,4,3712,淺香文武,30,34,6.72,4,0.08,05,11R,晴,南東,2,2,2021_5_23,2-1-4,2310,1-2-4,200,2-1,360,1-2,120,2021_5_23_05_11R
773,4,6,4793,金子萌,27,32,6.75,5,0.01,05,11R,晴,南東,2,2,2021_5_23,2-1-4,2310,1-2-4,200,2-1,360,1-2,120,2021_5_23_05_11R
774,5,3,3630,黒田誠司,20,24,6.85,3,0.10,05,11R,晴,南東,2,2,2021_5_23,2-1-4,2310,1-2-4,200,2-1,360,1-2,120,2021_5_23_05_11R
775,6,5,5044,渡邉健,54,33,6.76,6,0.02,05,11R,晴,南東,2,2,2021_5_23,2-1-4,2310,1-2-4,200,2-1,360,1-2,120,2021_5_23_05_11R
776,1,1,4305,金子拓矢,62,21,6.79,1,0.16,05,12R,晴,南,2,2,2021_5_23,1-2-3,640,1-2-3,260,1-2,360,1-2,240,2021_5_23_05_12R
777,2,2,4360,庄司孝輔,56,61,6.78,2,0.18,05,12R,晴,南,2,2,2021_5_23,1-2-3,640,1-2-3,260,1-2,360,1-2,240,2021_5_23_05_12R
778,3,3,4505,島田賢人,49,26,6.79,3,0.14,05,12R,晴,南,2,2,2021_5_23,1-2-3,640,1-2-3,260,1-2,360,1-2,240,2021_5_23_05_12R
779,4,4,4644,山田亮太,60,57,6.82,4,0.13,05,12R,晴,南,2,2,2021_5_23,1-2-3,640,1-2-3,260,1-2,360,1-2,240,2021_5_23_05_12R
780,5,5,3475,橋本久和,25,31,6.83,5,0.23,05,12R,晴,南,2,2,2021_5_23,1-2-3,640,1-2-3,260,1-2,360,1-2,240,2021_5_23_05_12R
781,6,6,4186,小川時光,38,52,6.82,6,0.23,05,12R,晴,南,2,2,2021_5_23,1-2-3,640,1-2-3,260,1-2,360,1-2,240,2021_5_23_05_12R
782,1,2,4887,富澤祐作,37,70,7.04,2,0.22,03,1R,晴,南西,6,5,2021_5_23,2-1-3,1580,1-2-3,420,2-1,510,1-2,300,2021_5_23_03_1R
783,2,1,5065,伊久間陽優,70,38,7.04,1,0.22,03,1R,晴,南西,6,5,2021_5_23,2-1-3,1580,1-2-3,420,2-1,510,1-2,300,2021_5_23_03_1R
784,3,3,4792,杉村賢也,35,22,7.02,3,0.15,03,1R,晴,南西,6,5,2021_5_23,2-1-3,1580,1-2-3,420,2-1,510,1-2,300,2021_5_23_03_1R
785,4,4,4945,上村宏太,55,19,6.97,4,0.11,03,1R,晴,南西,6,5,2021_5_23,2-1-3,1580,1-2-3,420,2-1,510,1-2,300,2021_5_23_03_1R
786,5,5,5075,中島秀治,65,63,7.08,5,0.22,03,1R,晴,南西,6,5,2021_5_23,2-1-3,1580,1-2-3,420,2-1,510,1-2,300,2021_5_23_03_1R
787,6,6,5173,谷口佳蓮,61,54,7.01,6,0.29,03,1R,晴,南西,6,5,2021_5_23,2-1-3,1580,1-2-3,420,2-1,510,1-2,300,2021_5_23_03_1R
788,1,3,4847,佐藤隆太郎,12,14,6.97,3,0.17,03,2R,晴,南西,4,5,2021_5_23,3-1-4,3940,1-3-4,970,3-1,710,1-3,660,2021_5_23_03_2R
789,2,1,5007,近藤雄一郎,26,58,7.02,1,0.15,03,2R,晴,南西,4,5,2021_5_23,3-1-4,3940,1-3-4,970,3-1,710,1-3,660,2021_5_23_03_2R
790,3,4,4253,西川真人,52,62,6.94,4,0.25,03,2R,晴,南西,4,5,2021_5_23,3-1-4,3940,1-3-4,970,3-1,710,1-3,660,2021_5_23_03_2R
791,4,2,4779,伊倉光,64,15,6.99,2,0.16,03,2R,晴,南西,4,5,2021_5_23,3-1-4,3940,1-3-4,970,3-1,710,1-3,660,2021_5_23_03_2R
792,5,6,3554,仲口博崇,10,45,6.84,6,0.25,03,2R,晴,南西,4,5,2021_5_23,3-1-4,3940,1-3-4,970,3-1,710,1-3,660,2021_5_23_03_2R
793,6,5,5140,吉田彩乃,66,57,7.03,5,0.36,03,2R,晴,南西,4,5,2021_5_23,3-1-4,3940,1-3-4,970,3-1,710,1-3,660,2021_5_23_03_2R
794,1,1,4432,黄金井力良,39,17,6.88,1,0.12,03,3R,晴,南西,5,5,2021_5_23,1-5-4,1740,1-4-5,700,1-5,320,1-5,310,2021_5_23_03_3R
795,2,5,4759,今泉友吾,60,34,7.00,5,0.18,03,3R,晴,南西,5,5,2021_5_23,1-5-4,1740,1-4-5,700,1-5,320,1-5,310,2021_5_23_03_3R
796,3,4,3338,出本正博,50,26,7.12,4,0.16,03,3R,晴,南西,5,5,2021_5_23,1-5-4,1740,1-4-5,700,1-5,320,1-5,310,2021_5_23_03_3R
797,4,3,4813,宮内直哉,71,59,7.04,3,0.17,03,3R,晴,南西,5,5,2021_5_23,1-5-4,1740,1-4-5,700,1-5,320,1-5,310,2021_5_23_03_3R
798,5,2,4310,横家翔一,34,28,7.05,2,0.13,03,3R,晴,南西,5,5,2021_5_23,1-5-4,1740,1-4-5,700,1-5,320,1-5,310,2021_5_23_03_3R
799,6,6,5095,小原聡将,68,66,7.02,6,0.18,03,3R,晴,南西,5,5,2021_5_23,1-5-4,1740,1-4-5,700,1-5,320,1-5,310,2021_5_23_03_3R
800,1,4,4468,大池佑来,63,69,7.06,4,0.14,03,4R,晴,南西,5,5,2021_5_23,4-1-3,3170,1-3-4,520,4-1,350,1-4,240,2021_5_23_03_4R
801,2,1,4872,山下流心,62,65,6.96,1,0.12,03,4R,晴,南西,5,5,2021_5_23,4-1-3,3170,1-3-4,520,4-1,350,1-4,240,2021_5_23_03_4R
802,3,3,4457,神田達也,24,35,7.10,3,0.15,03,4R,晴,南西,5,5,2021_5_23,4-1-3,3170,1-3-4,520,4-1,350,1-4,240,2021_5_23_03_4R
803,4,2,4815,伏島祐介,56,16,7.09,2,0.18,03,4R,晴,南西,5,5,2021_5_23,4-1-3,3170,1-3-4,520,4-1,350,1-4,240,2021_5_23_03_4R
804,5,6,4384,鶴本崇文,53,25,7.03,6,0.29,03,4R,晴,南西,5,5,2021_5_23,4-1-3,3170,1-3-4,520,4-1,350,1-4,240,2021_5_23_03_4R
805,6,5,4780,マイケル田代,51,33,7.02,5,0.18,03,4R,晴,南西,5,5,2021_5_23,4-1-3,3170,1-3-4,520,4-1,350,1-4,240,2021_5_23_03_4R
806,1,1,3812,山崎聖司,43,67,6.99,1,0.04,03,5R,晴,南西,6,5,2021_5_23,1-4-6,1520,1-4-6,520,1-4,490,1-4,350,2021_5_23_03_5R
807,2,4,3303,渡辺豊,13,61,6.99,4,0.11,03,5R,晴,南西,6,5,2021_5_23,1-4-6,1520,1-4-6,520,1-4,490,1-4,350,2021_5_23_03_5R
808,3,6,4409,坂元浩仁,21,49,6.93,6,0.06,03,5R,晴,南西,6,5,2021_5_23,1-4-6,1520,1-4-6,520,1-4,490,1-4,350,2021_5_23_03_5R
809,4,5,4945,上村宏太,55,19,6.92,5,0.11,03,5R,晴,南西,6,5,2021_5_23,1-4-6,1520,1-4-6,520,1-4,490,1-4,350,2021_5_23_03_5R
810,5,3,3808,秋田健太郎,69,18,7.11,3,0.11,03,5R,晴,南西,6,5,2021_5_23,1-4-6,1520,1-4-6,520,1-4,490,1-4,350,2021_5_23_03_5R
811,6,2,4228,吉田慎二郎,47,43,6.87,2,0.08,03,5R,晴,南西,6,5,2021_5_23,1-4-6,1520,1-4-6,520,1-4,490,1-4,350,2021_5_23_03_5R
812,1,1,4569,中澤宏奈,59,30,6.94,1,0.19,03,6R,晴,南,8,5,2021_5_23,1-4-3,1600,1-3-4,510,1-4,500,1-4,330,2021_5_23_03_6R
813,2,4,4775,千葉真弥,67,60,6.94,4,0.23,03,6R,晴,南,8,5,2021_5_23,1-4-3,1600,1-3-4,510,1-4,500,1-4,330,2021_5_23_03_6R
814,3,3,3693,栢場優子,31,24,6.98,3,0.24,03,6R,晴,南,8,5,2021_5_23,1-4-3,1600,1-3-4,510,1-4,500,1-4,330,2021_5_23_03_6R
815,4,2,4519,清水沙樹,58,48,6.98,2,0.21,03,6R,晴,南,8,5,2021_5_23,1-4-3,1600,1-3-4,510,1-4,500,1-4,330,2021_5_23_03_6R
816,5,6,5140,吉田彩乃,66,57,6.98,5,0.19,03,6R,晴,南,8,5,2021_5_23,1-4-3,1600,1-3-4,510,1-4,500,1-4,330,2021_5_23_03_6R
817,6,5,5173,谷口佳蓮,61,54,6.95,6,0.28,03,6R,晴,南,8,5,2021_5_23,1-4-3,1600,1-3-4,510,1-4,500,1-4,330,2021_5_23_03_6R
818,1,2,3554,仲口博崇,10,45,6.90,2,0.23,03,7R,晴,南,8,5,2021_5_23,2-1-5,1190,1-2-5,480,2-1,400,1-2,190,2021_5_23_03_7R
819,2,1,4129,宇野博之,11,39,7.03,1,0.26,03,7R,晴,南,8,5,2021_5_23,2-1-5,1190,1-2-5,480,2-1,400,1-2,190,2021_5_23_03_7R
820,3,5,4788,小池哲也,25,23,6.91,5,0.18,03,7R,晴,南,8,5,2021_5_23,2-1-5,1190,1-2-5,480,2-1,400,1-2,190,2021_5_23_03_7R
821,4,4,5075,中島秀治,65,63,6.97,4,0.25,03,7R,晴,南,8,5,2021_5_23,2-1-5,1190,1-2-5,480,2-1,400,1-2,190,2021_5_23_03_7R
822,5,3,4676,後藤隼之,45,71,7.04,3,0.44,03,7R,晴,南,8,5,2021_5_23,2-1-5,1190,1-2-5,480,2-1,400,1-2,190,2021_5_23_03_7R
823,6,6,4026,小林晋,48,46,6.99,6,0.26,03,7R,晴,南,8,5,2021_5_23,2-1-5,1190,1-2-5,480,2-1,400,1-2,190,2021_5_23_03_7R
824,1,3,3319,山崎義明,16,32,6.93,3,0.08,03,8R,晴,南,7,5,2021_5_23,3-1-4,1740,1-3-4,400,3-1,590,1-3,220,2021_5_23_03_8R
825,2,1,3696,白井友晴,36,56,6.98,1,0.11,03,8R,晴,南,7,5,2021_5_23,3-1-4,1740,1-3-4,400,3-1,590,1-3,220,2021_5_23_03_8R
826,3,4,4815,伏島祐介,56,16,7.12,4,0.12,03,8R,晴,南,7,5,2021_5_23,3-1-4,1740,1-3-4,400,3-1,590,1-3,220,2021_5_23_03_8R
827,4,6,4779,伊倉光,64,15,7.01,6,0.16,03,8R,晴,南,7,5,2021_5_23,3-1-4,1740,1-3-4,400,3-1,590,1-3,220,2021_5_23_03_8R
828,5,2,4286,平田さやか,33,29,7.04,2,0.09,03,8R,晴,南,7,5,2021_5_23,3-1-4,1740,1-3-4,400,3-1,590,1-3,220,2021_5_23_03_8R
829,6,5,5065,伊久間陽優,70,38,7.07,5,0.18,03,8R,晴,南,7,5,2021_5_23,3-1-4,1740,1-3-4,400,3-1,590,1-3,220,2021_5_23_03_8R
830,1,1,4832,権藤俊光,41,68,7.06,1,0.09,03,9R,晴,南,8,0,2021_5_23,1-2-3,2280,1-2-3,520,1-2,1090,1-2,530,2021_5_23_03_9R
831,2,2,3808,秋田健太郎,69,18,7.14,2,0.09,03,9R,晴,南,8,0,2021_5_23,1-2-3,2280,1-2-3,520,1-2,1090,1-2,530,2021_5_23_03_9R
832,3,3,4468,大池佑来,63,69,7.10,3,0.06,03,9R,晴,南,8,0,2021_5_23,1-2-3,2280,1-2-3,520,1-2,1090,1-2,530,2021_5_23_03_9R
833,4,6,4175,川尻泰輔,49,64,7.08,6,0.22,03,9R,晴,南,8,0,2021_5_23,1-2-3,2280,1-2-3,520,1-2,1090,1-2,530,2021_5_23_03_9R
834,5,4,5007,近藤雄一郎,26,58,7.11,4,0.11,03,9R,晴,南,8,0,2021_5_23,1-2-3,2280,1-2-3,520,1-2,1090,1-2,530,2021_5_23_03_9R
835,6,5,4813,宮内直哉,71,59,7.08,5,0.18,03,9R,晴,南,8,0,2021_5_23,1-2-3,2280,1-2-3,520,1-2,1090,1-2,530,2021_5_23_03_9R
836,1,1,4161,黒柳浩孝,32,37,7.18,1,0.01,03,10R,晴,南,8,5,2021_5_23,1-2-4,760,1-2-4,230,1-2,350,1-2,260,2021_5_23_03_10R
837,2,2,4847,佐藤隆太郎,12,14,6.98,2,0.07,03,10R,晴,南,8,5,2021_5_23,1-2-4,760,1-2-4,230,1-2,350,1-2,260,2021_5_23_03_10R
838,3,4,4409,坂元浩仁,21,49,7.12,4,0.11,03,10R,晴,南,8,5,2021_5_23,1-2-4,760,1-2-4,230,1-2,350,1-2,260,2021_5_23_03_10R
839,4,5,4872,山下流心,62,65,6.99,5,0.14,03,10R,晴,南,8,5,2021_5_23,1-2-4,760,1-2-4,230,1-2,350,1-2,260,2021_5_23_03_10R
840,5,6,4775,千葉真弥,67,60,7.08,6,0.14,03,10R,晴,南,8,5,2021_5_23,1-2-4,760,1-2-4,230,1-2,350,1-2,260,2021_5_23_03_10R
841,6,3,3370,坪内実,40,10,6.99,3,0.08,03,10R,晴,南,8,5,2021_5_23,1-2-4,760,1-2-4,230,1-2,350,1-2,260,2021_5_23_03_10R
842,1,1,4759,今泉友吾,60,34,7.05,1,0.26,03,11R,晴,南,6,0,2021_5_23,1-2-6,1060,1-2-6,650,1-2,270,1-2,200,2021_5_23_03_11R
843,2,2,4384,鶴本崇文,53,25,7.30,2,0.26,03,11R,晴,南,6,0,2021_5_23,1-2-6,1060,1-2-6,650,1-2,270,1-2,200,2021_5_23_03_11R
844,3,6,4509,平見真彦,29,27,7.16,6,0.26,03,11R,晴,南,6,0,2021_5_23,1-2-6,1060,1-2-6,650,1-2,270,1-2,200,2021_5_23_03_11R
845,4,3,3303,渡辺豊,13,61,7.22,3,0.23,03,11R,晴,南,6,0,2021_5_23,1-2-6,1060,1-2-6,650,1-2,270,1-2,200,2021_5_23_03_11R
846,5,4,4569,中澤宏奈,59,30,7.17,4,0.24,03,11R,晴,南,6,0,2021_5_23,1-2-6,1060,1-2-6,650,1-2,270,1-2,200,2021_5_23_03_11R
847,6,5,4129,宇野博之,11,39,7.17,5,0.23,03,11R,晴,南,6,0,2021_5_23,1-2-6,1060,1-2-6,650,1-2,270,1-2,200,2021_5_23_03_11R
848,1,1,3319,山崎義明,16,32,7.23,1,0.17,03,12R,晴,南,9,5,2021_5_23,1-3-4,1470,1-3-4,610,1-3,290,1-3,150,2021_5_23_03_12R
849,2,3,4397,西村拓也,27,41,7.05,3,0.19,03,12R,晴,南,9,5,2021_5_23,1-3-4,1470,1-3-4,610,1-3,290,1-3,150,2021_5_23_03_12R
850,3,4,5095,小原聡将,68,66,7.03,4,0.22,03,12R,晴,南,9,5,2021_5_23,1-3-4,1470,1-3-4,610,1-3,290,1-3,150,2021_5_23_03_12R
851,4,2,4788,小池哲也,25,23,7.22,2,0.17,03,12R,晴,南,9,5,2021_5_23,1-3-4,1470,1-3-4,610,1-3,290,1-3,150,2021_5_23_03_12R
852,5,6,4457,神田達也,24,35,7.27,6,0.20,03,12R,晴,南,9,5,2021_5_23,1-3-4,1470,1-3-4,610,1-3,290,1-3,150,2021_5_23_03_12R
853,6,5,4519,清水沙樹,58,48,7.34,5,0.31,03,12R,晴,南,9,5,2021_5_23,1-3-4,1470,1-3-4,610,1-3,290,1-3,150,2021_5_23_03_12R
854,1,1,3973,崎利仁,56,16,6.83,1,0.10,02,1R,晴,南東,2,1,2021_5_23,1-2-3,990,1-2-3,210,1-2,580,1-2,380,2021_5_23_02_1R
855,2,2,4895,門間雄大,53,62,6.82,2,0.09,02,1R,晴,南東,2,1,2021_5_23,1-2-3,990,1-2-3,210,1-2,580,1-2,380,2021_5_23_02_1R
856,3,3,3340,池田雷太,63,50,6.86,3,0.07,02,1R,晴,南東,2,1,2021_5_23,1-2-3,990,1-2-3,210,1-2,580,1-2,380,2021_5_23_02_1R
857,4,4,4552,杉山勝匡,24,17,6.88,4,0.04,02,1R,晴,南東,2,1,2021_5_23,1-2-3,990,1-2-3,210,1-2,580,1-2,380,2021_5_23_02_1R
858,5,6,5151,山下奈緒,51,67,6.84,5,0.03,02,1R,晴,南東,2,1,2021_5_23,1-2-3,990,1-2-3,210,1-2,580,1-2,380,2021_5_23_02_1R
859,1,2,3612,馬袋義則,15,37,6.78,2,0.09,02,2R,晴,南,2,1,2021_5_23,2-5-3,910,2-3-5,320,2-5,350,2-5,200,2021_5_23_02_2R
860,2,5,4109,谷津幸宏 ,8,36,6.83,5,0.10,02,2R,晴,南,2,1,2021_5_23,2-5-3,910,2-3-5,320,2-5,350,2-5,200,2021_5_23_02_2R
861,3,3,5014,梶山涼斗,58,43,6.73,3,0.07,02,2R,晴,南,2,1,2021_5_23,2-5-3,910,2-3-5,320,2-5,350,2-5,200,2021_5_23_02_2R
862,4,1,3177,宮本紀美,19,39,6.72,1,0.15,02,2R,晴,南,2,1,2021_5_23,2-5-3,910,2-3-5,320,2-5,350,2-5,200,2021_5_23_02_2R
863,5,4,5096,上原崚,57,71,6.76,4,0.06,02,2R,晴,南,2,1,2021_5_23,2-5-3,910,2-3-5,320,2-5,350,2-5,200,2021_5_23_02_2R
864,6,6,5194,大久保佑香,35,49,6.84,6,0.12,02,2R,晴,南,2,1,2021_5_23,2-5-3,910,2-3-5,320,2-5,350,2-5,200,2021_5_23_02_2R
865,1,2,4561,藤山翔大,45,34,6.58,2,0.08,02,3R,晴,南東,3,1,2021_5_23,2-5-1,4120,1-2-5,1060,2-5,510,2-5,410,2021_5_23_02_3R
866,2,5,3572,安田政彦,52,27,6.84,5,0.22,02,3R,晴,南東,3,1,2021_5_23,2-5-1,4120,1-2-5,1060,2-5,510,2-5,410,2021_5_23_02_3R
867,3,1,3474,松瀬弘美,23,60,6.79,1,0.09,02,3R,晴,南東,3,1,2021_5_23,2-5-1,4120,1-2-5,1060,2-5,510,2-5,410,2021_5_23_02_3R
868,4,6,3952,中澤和志,25,33,6.81,6,0.18,02,3R,晴,南東,3,1,2021_5_23,2-5-1,4120,1-2-5,1060,2-5,510,2-5,410,2021_5_23_02_3R
869,5,3,4439,近藤友宝 ,5,23,6.78,3,0.18,02,3R,晴,南東,3,1,2021_5_23,2-5-1,4120,1-2-5,1060,2-5,510,2-5,410,2021_5_23_02_3R
870,6,4,5090,生方靖亜 ,7,75,6.82,4,0.26,02,3R,晴,南東,3,1,2021_5_23,2-5-1,4120,1-2-5,1060,2-5,510,2-5,410,2021_5_23_02_3R
871,1,1,4900,中田夕貴,10,41,6.76,1,0.14,02,4R,晴,南東,3,1,2021_5_23,1-3-2,1590,1-2-3,480,1-3,450,1-3,290,2021_5_23_02_4R
872,2,3,4472,尾嶋一広,22,31,6.78,3,0.15,02,4R,晴,南東,3,1,2021_5_23,1-3-2,1590,1-2-3,480,1-3,450,1-3,290,2021_5_23_02_4R
873,3,2,4306,畔柳俊吾,64,19,6.74,2,0.17,02,4R,晴,南東,3,1,2021_5_23,1-3-2,1590,1-2-3,480,1-3,450,1-3,290,2021_5_23_02_4R
874,4,5,3827,今泉徹,54,76,6.80,5,0.13,02,4R,晴,南東,3,1,2021_5_23,1-3-2,1590,1-2-3,480,1-3,450,1-3,290,2021_5_23_02_4R
875,5,6,4565,西村豪洋,13,54,6.84,6,0.15,02,4R,晴,南東,3,1,2021_5_23,1-3-2,1590,1-2-3,480,1-3,450,1-3,290,2021_5_23_02_4R
876,6,4,3589,西村勝 ,3,35,6.82,4,0.11,02,4R,晴,南東,3,1,2021_5_23,1-3-2,1590,1-2-3,480,1-3,450,1-3,290,2021_5_23_02_4R
877,1,2,4110,小澤和也,21,77,6.77,2,0.09,02,5R,晴,南,2,1,2021_5_23,2-4-1,9680,1-2-4,550,2-4,5060,2-4,1050,2021_5_23_02_5R
878,2,4,3997,北村征嗣,62,40,6.68,4,0.13,02,5R,晴,南,2,1,2021_5_23,2-4-1,9680,1-2-4,550,2-4,5060,2-4,1050,2021_5_23_02_5R
879,3,1,3882,新田智彰,33,15,6.78,1,0.06,02,5R,晴,南,2,1,2021_5_23,2-4-1,9680,1-2-4,550,2-4,5060,2-4,1050,2021_5_23_02_5R
880,4,3,4281,大澤大夢,11,18,6.68,3,0.08,02,5R,晴,南,2,1,2021_5_23,2-4-1,9680,1-2-4,550,2-4,5060,2-4,1050,2021_5_23_02_5R
881,5,6,3877,松浦博人,16,51,6.76,6,0.13,02,5R,晴,南,2,1,2021_5_23,2-4-1,9680,1-2-4,550,2-4,5060,2-4,1050,2021_5_23_02_5R
882,6,5,4552,杉山勝匡,24,17,6.71,5,0.13,02,5R,晴,南,2,1,2021_5_23,2-4-1,9680,1-2-4,550,2-4,5060,2-4,1050,2021_5_23_02_5R
883,1,2,3911,鈴木猛,20,70,6.74,2,0.25,02,6R,晴,南,1,1,2021_5_23,2-1-3,2980,1-2-3,590,2-1,750,1-2,420,2021_5_23_02_6R
884,2,1,3340,池田雷太,63,50,6.79,1,0.17,02,6R,晴,南,1,1,2021_5_23,2-1-3,2980,1-2-3,590,2-1,750,1-2,420,2021_5_23_02_6R
885,3,3,4953,尾上雅也,12,47,6.73,3,0.28,02,6R,晴,南,1,1,2021_5_23,2-1-3,2980,1-2-3,590,2-1,750,1-2,420,2021_5_23_02_6R
886,4,5,4433,川野芽唯 ,9,56,6.75,4,0.27,02,6R,晴,南,1,1,2021_5_23,2-1-3,2980,1-2-3,590,2-1,750,1-2,420,2021_5_23_02_6R
887,5,6,3251,平石和男,14,11,6.83,5,0.28,02,6R,晴,南,1,1,2021_5_23,2-1-3,2980,1-2-3,590,2-1,750,1-2,420,2021_5_23_02_6R
888,6,4,3528,笠野友紀恵,60,63,6.79,6,0.28,02,6R,晴,南,1,1,2021_5_23,2-1-3,2980,1-2-3,590,2-1,750,1-2,420,2021_5_23_02_6R
889,1,1,4295,小坂尚哉,18,21,6.79,1,0.05,02,7R,晴,南,2,1,2021_5_23,1-4-2,480,1-2-4,220,1-4,290,1-4,220,2021_5_23_02_7R
890,2,4,3637,齋藤和政,61,73,6.82,4,0.28,02,7R,晴,南,2,1,2021_5_23,1-4-2,480,1-2-4,220,1-4,290,1-4,220,2021_5_23_02_7R
891,3,2,3474,松瀬弘美,23,60,6.76,2,0.09,02,7R,晴,南,2,1,2021_5_23,1-4-2,480,1-2-4,220,1-4,290,1-4,220,2021_5_23_02_7R
892,4,5,3177,宮本紀美,19,39,6.77,5,0.33,02,7R,晴,南,2,1,2021_5_23,1-4-2,480,1-2-4,220,1-4,290,1-4,220,2021_5_23_02_7R
893,5,3,5061,中村駿平 ,1,74,6.75,3,0.10,02,7R,晴,南,2,1,2021_5_23,1-4-2,480,1-2-4,220,1-4,290,1-4,220,2021_5_23_02_7R
894,6,6,5182,宮崎安奈 ,6,12,6.78,6,0.43,02,7R,晴,南,2,1,2021_5_23,1-4-2,480,1-2-4,220,1-4,290,1-4,220,2021_5_23_02_7R
895,1,1,4467,渡邉俊介,28,29,6.80,1,0.11,02,8R,晴,南西,2,1,2021_5_23,1-3-5,6040,1-3-5,2930,1-3,770,1-3,580,2021_5_23_02_8R
896,2,3,4624,高田明 ,2,66,6.82,3,0.10,02,8R,晴,南西,2,1,2021_5_23,1-3-5,6040,1-3-5,2930,1-3,770,1-3,580,2021_5_23_02_8R
897,3,5,5096,上原崚,57,71,6.74,5,0.03,02,8R,晴,南西,2,1,2021_5_23,1-3-5,6040,1-3-5,2930,1-3,770,1-3,580,2021_5_23_02_8R
898,4,6,4057,松井賢治,17,38,6.92,6,0.10,02,8R,晴,南西,2,1,2021_5_23,1-3-5,6040,1-3-5,2930,1-3,770,1-3,580,2021_5_23_02_8R
899,5,2,4472,尾嶋一広,22,31,6.81,2,0.11,02,8R,晴,南西,2,1,2021_5_23,1-3-5,6040,1-3-5,2930,1-3,770,1-3,580,2021_5_23_02_8R
900,6,4,4439,近藤友宝 ,5,23,6.78,4,0.26,02,8R,晴,南西,2,1,2021_5_23,1-3-5,6040,1-3-5,2930,1-3,770,1-3,580,2021_5_23_02_8R
901,1,2,3882,新田智彰,33,15,6.96,2,0.17,02,9R,晴,南西,4,2,2021_5_23,2-3-6,2780,2-3-6,590,2-3,1580,2-3,1220,2021_5_23_02_9R
902,2,3,3827,今泉徹,54,76,6.92,3,0.12,02,9R,晴,南西,4,2,2021_5_23,2-3-6,2780,2-3-6,590,2-3,1580,2-3,1220,2021_5_23_02_9R
903,3,6,4109,谷津幸宏 ,8,36,6.90,6,0.04,02,9R,晴,南西,4,2,2021_5_23,2-3-6,2780,2-3-6,590,2-3,1580,2-3,1220,2021_5_23_02_9R
904,4,4,5039,倉田茂将,65,58,6.94,4,0.06,02,9R,晴,南西,4,2,2021_5_23,2-3-6,2780,2-3-6,590,2-3,1580,2-3,1220,2021_5_23_02_9R
905,5,5,5090,生方靖亜 ,7,75,6.92,5,0.04,02,9R,晴,南西,4,2,2021_5_23,2-3-6,2780,2-3-6,590,2-3,1580,2-3,1220,2021_5_23_02_9R
906,6,1,5077,滝沢崚,32,55,6.82,1,0.12,02,9R,晴,南西,4,2,2021_5_23,2-3-6,2780,2-3-6,590,2-3,1580,2-3,1220,2021_5_23_02_9R
907,1,2,3997,北村征嗣,62,40,6.88,2,0.13,02,10R,晴,南西,4,2,2021_5_23,2-5-4,10700,2-4-5,1900,2-5,2040,2-5,2180,2021_5_23_02_10R
908,2,5,3745,橋本年光,49,42,6.87,5,0.07,02,10R,晴,南西,4,2,2021_5_23,2-5-4,10700,2-4-5,1900,2-5,2040,2-5,2180,2021_5_23_02_10R
909,3,4,4953,尾上雅也,12,47,6.82,4,0.06,02,10R,晴,南西,4,2,2021_5_23,2-5-4,10700,2-4-5,1900,2-5,2040,2-5,2180,2021_5_23_02_10R
910,4,1,3572,安田政彦,52,27,6.96,1,0.30,02,10R,晴,南西,4,2,2021_5_23,2-5-4,10700,2-4-5,1900,2-5,2040,2-5,2180,2021_5_23_02_10R
911,5,3,3973,崎利仁,56,16,6.83,3,0.12,02,10R,晴,南西,4,2,2021_5_23,2-5-4,10700,2-4-5,1900,2-5,2040,2-5,2180,2021_5_23_02_10R
912,6,6,3589,西村勝 ,3,35,6.95,6,0.14,02,10R,晴,南西,4,2,2021_5_23,2-5-4,10700,2-4-5,1900,2-5,2040,2-5,2180,2021_5_23_02_10R
913,1,5,4110,小澤和也,21,77,6.90,4,0.11,02,11R,晴,南,2,1,2021_5_23,5-2-3,16710,2-3-5,2150,5-2,3680,2-5,1270,2021_5_23_02_11R
914,2,2,3952,中澤和志,25,33,6.87,2,0.12,02,11R,晴,南,2,1,2021_5_23,5-2-3,16710,2-3-5,2150,5-2,3680,2-5,1270,2021_5_23_02_11R
915,3,3,3637,齋藤和政,61,73,6.85,3,0.15,02,11R,晴,南,2,1,2021_5_23,5-2-3,16710,2-3-5,2150,5-2,3680,2-5,1270,2021_5_23_02_11R
916,4,6,3612,馬袋義則,15,37,6.90,5,0.12,02,11R,晴,南,2,1,2021_5_23,5-2-3,16710,2-3-5,2150,5-2,3680,2-5,1270,2021_5_23_02_11R
917,5,1,4433,川野芽唯 ,9,56,6.85,1,0.08,02,11R,晴,南,2,1,2021_5_23,5-2-3,16710,2-3-5,2150,5-2,3680,2-5,1270,2021_5_23_02_11R
918,6,4,4565,西村豪洋,13,54,6.89,6,0.19,02,11R,晴,南,2,1,2021_5_23,5-2-3,16710,2-3-5,2150,5-2,3680,2-5,1270,2021_5_23_02_11R
919,1,5,4561,藤山翔大,45,34,6.58,5,0.11,02,12R,晴,南,2,1,2021_5_23,5-3-6,3330,3-5-6,1520,5-3,790,3-5,490,2021_5_23_02_12R
920,2,3,4295,小坂尚哉,18,21,6.81,3,0.12,02,12R,晴,南,2,1,2021_5_23,5-3-6,3330,3-5-6,1520,5-3,790,3-5,490,2021_5_23_02_12R
921,3,6,4306,畔柳俊吾,64,19,6.86,6,0.23,02,12R,晴,南,2,1,2021_5_23,5-3-6,3330,3-5-6,1520,5-3,790,3-5,490,2021_5_23_02_12R
922,4,1,4624,高田明 ,2,66,6.80,1,0.13,02,12R,晴,南,2,1,2021_5_23,5-3-6,3330,3-5-6,1520,5-3,790,3-5,490,2021_5_23_02_12R
923,5,2,4281,大澤大夢,11,18,6.86,2,0.14,02,12R,晴,南,2,1,2021_5_23,5-3-6,3330,3-5-6,1520,5-3,790,3-5,490,2021_5_23_02_12R
924,6,4,3251,平石和男,14,11,6.93,4,0.16,02,12R,晴,南,2,1,2021_5_23,5-3-6,3330,3-5-6,1520,5-3,790,3-5,490,2021_5_23_02_12R
925,1,2,4176,樋口喜彦,61,33,6.86,2,0.14,01,1R,曇り,西,1,1,2021_5_23,2-1-5,6480,1-2-5,1980,2-1,1050,1-2,550,2021_5_23_01_1R
926,2,1,3560,太田克哉,41,30,6.79,1,0.15,01,1R,曇り,西,1,1,2021_5_23,2-1-5,6480,1-2-5,1980,2-1,1050,1-2,550,2021_5_23_01_1R
927,3,5,4905,土井祥伍,37,58,6.71,5,0.13,01,1R,曇り,西,1,1,2021_5_23,2-1-5,6480,1-2-5,1980,2-1,1050,1-2,550,2021_5_23_01_1R
928,4,3,4077,品田直樹,34,74,6.81,3,0.11,01,1R,曇り,西,1,1,2021_5_23,2-1-5,6480,1-2-5,1980,2-1,1050,1-2,550,2021_5_23_01_1R
929,5,4,3306,武田正紀,58,72,6.80,4,0.10,01,1R,曇り,西,1,1,2021_5_23,2-1-5,6480,1-2-5,1980,2-1,1050,1-2,550,2021_5_23_01_1R
930,6,6,3771,折下寛法,28,17,6.85,6,0.12,01,1R,曇り,西,1,1,2021_5_23,2-1-5,6480,1-2-5,1980,2-1,1050,1-2,550,2021_5_23_01_1R
931,1,4,4233,亀山雅幸,39,66,6.77,4,0.12,01,2R,曇り,東,2,1,2021_5_23,4-1-2,2720,1-2-4,310,4-1,1000,1-4,350,2021_5_23_01_2R
932,2,1,3231,吉田隆義,49,53,6.78,1,0.18,01,2R,曇り,東,2,1,2021_5_23,4-1-2,2720,1-2-4,310,4-1,1000,1-4,350,2021_5_23_01_2R
933,3,2,4902,山川雄大,56,44,6.71,2,0.21,01,2R,曇り,東,2,1,2021_5_23,4-1-2,2720,1-2-4,310,4-1,1000,1-4,350,2021_5_23_01_2R
934,4,5,3807,岡部哲,17,38,6.81,5,0.13,01,2R,曇り,東,2,1,2021_5_23,4-1-2,2720,1-2-4,310,4-1,1000,1-4,350,2021_5_23_01_2R
935,5,6,4047,吉永浩則,57,23,6.81,6,0.14,01,2R,曇り,東,2,1,2021_5_23,4-1-2,2720,1-2-4,310,4-1,1000,1-4,350,2021_5_23_01_2R
936,6,3,4663,籾山佳岳,36,65,6.81,3,0.19,01,2R,曇り,東,2,1,2021_5_23,4-1-2,2720,1-2-4,310,4-1,1000,1-4,350,2021_5_23_01_2R
937,1,2,3315,広瀬聖仁,73,35,6.75,2,0.12,01,3R,曇り,無風,0,0,2021_5_23,2-3-4,10330,2-3-4,1710,2-3,1540,2-3,890,2021_5_23_01_3R
938,2,3,4003,表憲一,69,32,6.73,3,0.11,01,3R,曇り,無風,0,0,2021_5_23,2-3-4,10330,2-3-4,1710,2-3,1540,2-3,890,2021_5_23_01_3R
939,3,4,4911,片岡大地,24,48,6.79,4,0.15,01,3R,曇り,無風,0,0,2021_5_23,2-3-4,10330,2-3-4,1710,2-3,1540,2-3,890,2021_5_23_01_3R
940,4,6,3966,作間章,70,49,6.77,6,0.12,01,3R,曇り,無風,0,0,2021_5_23,2-3-4,10330,2-3-4,1710,2-3,1540,2-3,890,2021_5_23_01_3R
941,5,5,4711,前出達吉,51,75,6.76,5,0.11,01,3R,曇り,無風,0,0,2021_5_23,2-3-4,10330,2-3-4,1710,2-3,1540,2-3,890,2021_5_23_01_3R
942,6,1,4197,渥美卓郎,55,54,6.77,1,0.12,01,3R,曇り,無風,0,0,2021_5_23,2-3-4,10330,2-3-4,1710,2-3,1540,2-3,890,2021_5_23_01_3R
943,1,4,4462,夏山亮平,67,47,6.81,4,0.09,01,4R,晴,北東,1,1,2021_5_23,4-5-6,10070,4-5-6,2570,4-5,4140,4-5,2980,2021_5_23_01_4R
944,2,5,4231,鈴木裕隆,75,37,6.79,5,0.11,01,4R,晴,北東,1,1,2021_5_23,4-5-6,10070,4-5-6,2570,4-5,4140,4-5,2980,2021_5_23_01_4R
945,3,6,4535,北山康介,15,51,6.78,6,0.10,01,4R,晴,北東,1,1,2021_5_23,4-5-6,10070,4-5-6,2570,4-5,4140,4-5,2980,2021_5_23_01_4R
946,4,2,3226,浦田信義,59,31,6.80,2,0.21,01,4R,晴,北東,1,1,2021_5_23,4-5-6,10070,4-5-6,2570,4-5,4140,4-5,2980,2021_5_23_01_4R
947,5,1,3692,竹腰正樹,60,70,6.74,1,0.23,01,4R,晴,北東,1,1,2021_5_23,4-5-6,10070,4-5-6,2570,4-5,4140,4-5,2980,2021_5_23_01_4R
948,6,3,4979,中野夢斗,25,41,6.82,3,0.21,01,4R,晴,北東,1,1,2021_5_23,4-5-6,10070,4-5-6,2570,4-5,4140,4-5,2980,2021_5_23_01_4R
949,1,1,4440,萩原知哉,50,19,6.67,1,0.08,01,5R,晴,北東,1,1,2021_5_23,1-2-5,1850,1-2-5,510,1-2,610,1-2,370,2021_5_23_01_5R
950,2,2,4308,河村了,38,36,6.73,2,0.17,01,5R,晴,北東,1,1,2021_5_23,1-2-5,1850,1-2-5,510,1-2,610,1-2,370,2021_5_23_01_5R
951,3,5,3606,川北浩貴,18,46,6.68,5,0.12,01,5R,晴,北東,1,1,2021_5_23,1-2-5,1850,1-2-5,510,1-2,610,1-2,370,2021_5_23_01_5R
952,4,3,4469,土山卓也,64,24,6.74,3,0.14,01,5R,晴,北東,1,1,2021_5_23,1-2-5,1850,1-2-5,510,1-2,610,1-2,370,2021_5_23_01_5R
953,5,4,4880,澤崎雄哉,45,73,6.72,4,0.13,01,5R,晴,北東,1,1,2021_5_23,1-2-5,1850,1-2-5,510,1-2,610,1-2,370,2021_5_23_01_5R
954,6,6,5132,中野希一,72,63,6.77,6,0.13,01,5R,晴,北東,1,1,2021_5_23,1-2-5,1850,1-2-5,510,1-2,610,1-2,370,2021_5_23_01_5R
955,1,4,4663,籾山佳岳,36,65,6.85,4,0.14,01,6R,晴,西,3,2,2021_5_23,4-1-5,9690,1-4-5,770,4-1,3260,1-4,390,2021_5_23_01_6R
956,2,1,3290,倉谷和信,68,69,6.84,1,0.09,01,6R,晴,西,3,2,2021_5_23,4-1-5,9690,1-4-5,770,4-1,3260,1-4,390,2021_5_23_01_6R
957,3,5,4200,早川尚人,47,28,6.80,5,0.11,01,6R,晴,西,3,2,2021_5_23,4-1-5,9690,1-4-5,770,4-1,3260,1-4,390,2021_5_23_01_6R
958,4,3,3306,武田正紀,58,72,6.77,3,0.11,01,6R,晴,西,3,2,2021_5_23,4-1-5,9690,1-4-5,770,4-1,3260,1-4,390,2021_5_23_01_6R
959,5,6,5186,遠藤圭吾,46,21,6.77,6,0.13,01,6R,晴,西,3,2,2021_5_23,4-1-5,9690,1-4-5,770,4-1,3260,1-4,390,2021_5_23_01_6R
960,6,2,4078,渡辺史之,16,56,6.78,2,0.15,01,6R,晴,西,3,2,2021_5_23,4-1-5,9690,1-4-5,770,4-1,3260,1-4,390,2021_5_23_01_6R
961,1,2,4077,品田直樹,34,74,6.87,2,0.15,01,7R,晴,北,3,2,2021_5_23,2-1-3,6070,1-2-3,280,2-1,2930,1-2,850,2021_5_23_01_7R
962,2,1,3659,藤生雄人,43,29,6.85,1,0.14,01,7R,晴,北,3,2,2021_5_23,2-1-3,6070,1-2-3,280,2-1,2930,1-2,850,2021_5_23_01_7R
963,3,3,4159,向後龍一,32,15,6.81,3,0.06,01,7R,晴,北,3,2,2021_5_23,2-1-3,6070,1-2-3,280,2-1,2930,1-2,850,2021_5_23_01_7R
964,4,6,5115,香川颯太,48,11,6.83,6,0.30,01,7R,晴,北,3,2,2021_5_23,2-1-3,6070,1-2-3,280,2-1,2930,1-2,850,2021_5_23_01_7R
965,5,4,4902,山川雄大,56,44,6.82,4,0.35,01,7R,晴,北,3,2,2021_5_23,2-1-3,6070,1-2-3,280,2-1,2930,1-2,850,2021_5_23_01_7R
966,6,5,4197,渥美卓郎,55,54,6.86,5,0.39,01,7R,晴,北,3,2,2021_5_23,2-1-3,6070,1-2-3,280,2-1,2930,1-2,850,2021_5_23_01_7R
967,1,5,4084,杉山正樹,11,22,6.79,5,0.21,01,8R,晴,北西,4,3,2021_5_23,5-3-1,3590,1-3-5,290,5-3,2110,3-5,1210,2021_5_23_01_8R
968,2,3,3859,多羅尾達之,33,64,6.75,3,0.16,01,8R,晴,北西,4,3,2021_5_23,5-3-1,3590,1-3-5,290,5-3,2110,3-5,1210,2021_5_23_01_8R
969,3,1,3327,野長瀬正孝,20,25,6.74,1,0.16,01,8R,晴,北西,4,3,2021_5_23,5-3-1,3590,1-3-5,290,5-3,2110,3-5,1210,2021_5_23_01_8R
970,4,2,4047,吉永浩則,57,23,6.83,2,0.17,01,8R,晴,北西,4,3,2021_5_23,5-3-1,3590,1-3-5,290,5-3,2110,3-5,1210,2021_5_23_01_8R
971,5,6,5191,飛田江己,23,57,6.79,6,0.15,01,8R,晴,北西,4,3,2021_5_23,5-3-1,3590,1-3-5,290,5-3,2110,3-5,1210,2021_5_23_01_8R
972,6,4,3560,太田克哉,41,30,6.85,4,0.19,01,8R,晴,北西,4,3,2021_5_23,5-3-1,3590,1-3-5,290,5-3,2110,3-5,1210,2021_5_23_01_8R
973,1,1,3807,岡部哲,17,38,6.85,1,0.17,01,9R,晴,北西,3,2,2021_5_23,1-6-5,17300,1-5-6,3110,1-6,1740,1-6,1540,2021_5_23_01_9R
974,2,6,4469,土山卓也,64,24,6.80,6,0.30,01,9R,晴,北西,3,2,2021_5_23,1-6-5,17300,1-5-6,3110,1-6,1740,1-6,1540,2021_5_23_01_9R
975,3,5,4979,中野夢斗,25,41,6.84,5,0.16,01,9R,晴,北西,3,2,2021_5_23,1-6-5,17300,1-5-6,3110,1-6,1740,1-6,1540,2021_5_23_01_9R
976,4,2,3406,中里英夫,22,12,6.81,2,0.21,01,9R,晴,北西,3,2,2021_5_23,1-6-5,17300,1-5-6,3110,1-6,1740,1-6,1540,2021_5_23_01_9R
977,5,4,4003,表憲一,69,32,6.85,4,0.23,01,9R,晴,北西,3,2,2021_5_23,1-6-5,17300,1-5-6,3110,1-6,1740,1-6,1540,2021_5_23_01_9R
978,6,3,3771,折下寛法,28,17,6.87,3,0.16,01,9R,晴,北西,3,2,2021_5_23,1-6-5,17300,1-5-6,3110,1-6,1740,1-6,1540,2021_5_23_01_9R
979,1,1,3606,川北浩貴,18,46,6.76,1,0.12,01,10R,晴,北西,3,2,2021_5_23,1-4-2,1170,1-2-4,380,1-4,390,1-4,300,2021_5_23_01_10R
980,2,4,4535,北山康介,15,51,6.74,4,0.16,01,10R,晴,北西,3,2,2021_5_23,1-4-2,1170,1-2-4,380,1-4,390,1-4,300,2021_5_23_01_10R
981,3,2,4692,酒井俊弘,29,40,6.72,2,0.14,01,10R,晴,北西,3,2,2021_5_23,1-4-2,1170,1-2-4,380,1-4,390,1-4,300,2021_5_23_01_10R
982,4,3,4233,亀山雅幸,39,66,6.77,3,0.13,01,10R,晴,北西,3,2,2021_5_23,1-4-2,1170,1-2-4,380,1-4,390,1-4,300,2021_5_23_01_10R
983,5,5,4176,樋口喜彦,61,33,6.80,5,0.13,01,10R,晴,北西,3,2,2021_5_23,1-4-2,1170,1-2-4,380,1-4,390,1-4,300,2021_5_23_01_10R
984,6,6,4911,片岡大地,24,48,6.80,6,0.11,01,10R,晴,北西,3,2,2021_5_23,1-4-2,1170,1-2-4,380,1-4,390,1-4,300,2021_5_23_01_10R
985,1,1,3635,石田政吾,27,27,6.80,1,0.13,01,11R,晴,北西,4,3,2021_5_23,1-3-6,2280,1-3-6,940,1-3,430,1-3,300,2021_5_23_01_11R
986,2,3,3659,藤生雄人,43,29,6.80,3,0.08,01,11R,晴,北西,4,3,2021_5_23,1-3-6,2280,1-3-6,940,1-3,430,1-3,300,2021_5_23_01_11R
987,3,6,4880,澤崎雄哉,45,73,6.80,6,0.11,01,11R,晴,北西,4,3,2021_5_23,1-3-6,2280,1-3-6,940,1-3,430,1-3,300,2021_5_23_01_11R
988,4,2,3966,作間章,70,49,6.80,2,0.09,01,11R,晴,北西,4,3,2021_5_23,1-3-6,2280,1-3-6,940,1-3,430,1-3,300,2021_5_23_01_11R
989,5,4,3231,吉田隆義,49,53,6.76,4,0.09,01,11R,晴,北西,4,3,2021_5_23,1-3-6,2280,1-3-6,940,1-3,430,1-3,300,2021_5_23_01_11R
990,6,5,3692,竹腰正樹,60,70,6.80,5,0.12,01,11R,晴,北西,4,3,2021_5_23,1-3-6,2280,1-3-6,940,1-3,430,1-3,300,2021_5_23_01_11R
991,1,3,4604,岩瀬裕亮,62,52,6.77,3,0.20,01,12R,晴,北西,3,2,2021_5_23,3-1-2,4090,1-2-3,400,3-1,680,1-3,200,2021_5_23_01_12R
992,2,1,4084,杉山正樹,11,22,6.77,1,0.15,01,12R,晴,北西,3,2,2021_5_23,3-1-2,4090,1-2-3,400,3-1,680,1-3,200,2021_5_23_01_12R
993,3,2,4448,青木玄太,53,68,6.86,2,0.21,01,12R,晴,北西,3,2,2021_5_23,3-1-2,4090,1-2-3,400,3-1,680,1-3,200,2021_5_23_01_12R
994,4,6,4159,向後龍一,32,15,6.72,6,0.22,01,12R,晴,北西,3,2,2021_5_23,3-1-2,4090,1-2-3,400,3-1,680,1-3,200,2021_5_23_01_12R
995,5,5,4308,河村了,38,36,6.74,5,0.23,01,12R,晴,北西,3,2,2021_5_23,3-1-2,4090,1-2-3,400,3-1,680,1-3,200,2021_5_23_01_12R
996,6,4,3290,倉谷和信,68,69,6.86,4,0.18,01,12R,晴,北西,3,2,2021_5_23,3-1-2,4090,1-2-3,400,3-1,680,1-3,200,2021_5_23_01_12R
